28 107
15 26 9
26 3 8
11 9 10
8 24 14
20 12 12
19 21 11
23 10 11
5 16 6
1 19 6
24 10 13
4 9 6
27 28 5
25 4 5
23 2 11
20 28 7
2 5 5
8 2 12
17 10 14
15 16 9
3 6 14
2 26 7
16 17 14
24 3 7
17 26 14
8 23 9
21 14 7
18 27 14
10 3 12
14 9 13
25 7 9
23 15 5
15 24 6
21 9 13
23 24 13
22 13 12
12 27 13
2 3 12
11 13 7
3 18 13
23 5 13
7 22 11
19 11 11
9 15 7
7 11 6
7 13 11
3 12 13
18 6 14
8 26 14
21 4 11
10 26 8
7 14 12
5 10 5
23 16 13
7 4 6
9 17 10
18 12 11
9 26 13
22 4 8
13 21 12
20 27 14
8 5 13
6 28 6
11 14 8
23 3 9
27 6 9
25 19 9
19 13 9
18 28 12
1 21 12
25 11 11
24 16 12
1 25 6
9 8 10
7 19 7
3 27 14
12 28 12
20 6 14
18 20 11
15 2 14
16 26 11
3 20 7
2 10 7
25 22 7
2 24 8
1 22 14
9 10 8
14 4 8
8 16 9
5 3 8
9 16 9
16 3 6
3 28 11
1 7 13
13 14 12
8 15 8
9 23 13
11 4 11
5 17 9
24 17 5
1 13 13
22 11 13
19 4 8
22 14 6
9 2 12
25 14 14
16 10 6
22 21 8
