180 1227
13 112 13
130 83 20
51 22 7
127 145 20
31 65 20
80 175 18
130 176 15
157 83 7
158 155 18
57 146 20
44 30 14
20 157 14
160 41 14
151 41 17
114 77 19
115 135 10
153 179 9
6 76 17
107 180 12
112 39 10
31 136 17
156 137 12
101 15 19
38 23 20
88 147 7
94 9 11
131 115 16
155 142 10
167 145 15
6 54 13
94 27 18
140 115 17
158 118 16
16 180 9
111 167 16
90 21 14
153 27 12
15 2 15
86 22 14
167 99 10
131 124 12
168 13 19
105 14 7
61 133 17
137 168 19
137 113 19
64 129 11
90 132 17
134 118 8
2 57 7
120 167 12
15 140 18
32 165 15
46 142 7
117 60 10
44 100 14
115 105 13
92 14 14
49 22 12
2 138 12
35 160 18
29 39 20
125 75 15
124 177 11
6 38 17
55 103 12
139 18 15
170 8 19
33 127 12
10 146 13
13 39 18
23 69 13
13 48 17
118 142 9
108 118 19
80 34 11
86 61 20
86 27 20
78 129 9
108 120 7
174 129 11
116 29 18
158 120 14
68 114 14
81 52 18
77 80 20
93 149 10
85 142 16
127 120 15
177 121 16
64 4 11
98 136 12
27 63 14
90 165 18
15 110 10
167 102 11
91 76 8
126 83 19
177 56 19
39 157 10
109 129 16
85 67 7
163 17 19
108 99 17
90 121 20
124 32 8
1 160 15
77 30 13
161 83 14
104 64 17
141 159 16
21 72 9
78 91 14
67 167 19
69 33 11
123 128 7
74 174 19
112 147 17
114 34 19
137 29 7
77 169 16
173 142 8
1 55 20
52 97 7
46 118 13
131 132 11
93 46 11
132 105 15
10 21 16
164 79 20
87 96 18
41 156 16
161 101 18
5 119 18
161 79 14
33 120 17
114 80 14
11 46 10
73 40 11
110 165 9
89 162 18
143 69 19
114 175 18
49 62 17
8 107 11
32 92 14
176 58 14
39 130 11
38 4 9
84 136 13
5 61 9
24 42 17
85 46 18
116 96 10
20 122 9
63 68 16
31 160 10
15 115 18
14 129 13
74 42 13
129 143 8
108 127 15
15 124 14
157 36 16
118 145 19
152 66 17
166 9 20
15 105 15
50 149 20
100 17 7
18 22 12
53 167 12
103 156 15
87 116 8
77 44 16
24 109 7
156 87 9
19 102 16
148 36 11
91 23 14
21 92 11
59 14 7
26 172 18
143 42 19
119 9 17
39 125 19
49 63 17
143 91 15
85 5 15
124 105 7
26 30 10
93 11 19
38 109 20
68 26 8
23 54 10
156 168 13
65 103 13
74 23 18
135 121 12
176 126 12
157 101 17
164 157 17
67 142 20
123 126 8
150 10 12
100 60 7
21 165 7
39 122 15
24 76 9
8 154 14
139 133 8
162 100 11
13 29 7
135 92 18
4 42 12
61 49 17
162 159 14
63 28 14
170 144 9
140 92 11
108 134 11
149 19 17
131 105 10
174 91 16
13 147 16
86 47 20
73 161 13
149 102 13
74 129 7
11 173 10
133 62 18
57 105 8
93 50 12
84 31 17
164 101 15
64 54 12
24 43 8
58 128 18
78 23 17
169 8 14
129 69 11
12 113 14
109 69 9
158 99 8
86 153 14
125 83 20
178 145 10
112 29 9
177 59 18
103 136 10
6 106 14
5 86 9
117 30 7
53 173 20
110 21 13
115 121 13
29 96 14
39 36 10
80 26 10
55 31 20
33 5 13
158 102 11
26 141 15
40 83 11
110 138 7
155 46 16
117 175 9
153 68 9
37 62 12
165 121 12
138 135 18
20 40 9
22 68 15
91 69 17
86 63 13
101 56 9
17 60 16
20 70 11
170 171 16
114 26 14
117 169 8
158 50 20
66 60 16
139 22 19
114 162 20
103 3 18
31 71 14
163 159 13
52 41 7
46 19 13
129 54 9
105 92 9
47 22 11
152 117 15
54 106 10
42 91 19
94 28 7
140 2 16
152 163 12
88 96 8
162 17 16
11 5 8
53 111 15
1 84 13
85 118 19
65 3 19
156 96 9
32 14 19
25 102 18
51 68 7
125 36 16
89 66 12
120 53 7
140 21 17
89 34 16
140 138 9
130 36 19
127 46 13
109 4 10
86 133 20
28 62 11
159 17 11
166 63 17
9 68 14
177 165 8
39 164 9
68 172 12
56 135 18
97 41 14
117 89 15
160 3 13
151 136 16
171 107 17
101 165 14
39 148 7
152 175 20
65 41 20
88 39 18
158 46 17
3 136 19
80 30 10
120 5 11
86 139 8
165 92 8
50 99 13
14 106 13
64 109 20
122 58 13
55 41 17
138 72 20
77 163 18
169 171 13
89 159 13
94 166 14
178 25 18
172 169 17
166 139 7
5 51 10
83 101 9
126 128 9
143 54 15
110 115 16
114 152 20
44 117 13
102 145 10
73 122 7
148 128 19
114 169 16
120 46 15
6 174 18
178 142 17
31 52 19
151 3 15
148 157 8
164 58 14
27 49 19
169 144 8
50 19 15
123 70 8
168 112 16
150 135 20
101 140 7
45 81 17
127 25 14
138 165 13
19 167 10
77 117 8
93 118 19
79 128 11
109 106 16
84 41 20
176 79 15
32 21 9
1 31 9
130 161 17
152 100 11
170 180 12
90 146 14
150 110 9
49 18 10
98 71 8
99 145 16
155 11 11
131 32 19
113 116 7
24 23 15
74 143 11
67 173 13
115 14 15
67 19 16
75 128 7
174 143 12
110 72 19
179 22 9
120 111 14
115 165 10
134 99 11
41 136 17
130 123 16
146 135 19
120 85 8
122 79 20
90 135 17
148 125 16
93 5 19
67 99 20
169 107 15
34 30 11
49 47 13
163 169 9
179 9 17
90 105 13
90 110 15
35 65 8
55 151 16
20 125 9
153 62 7
178 93 17
158 11 20
160 103 14
118 167 10
140 72 14
71 97 20
166 51 16
178 155 16
179 133 11
131 59 17
177 14 13
61 51 7
80 163 13
6 24 11
131 2 19
178 173 9
31 3 19
73 58 12
71 136 19
146 165 15
175 60 15
71 156 17
28 18 10
2 177 18
101 57 20
55 81 7
25 11 20
5 63 11
155 108 10
79 70 8
148 122 11
18 51 18
84 45 8
26 60 7
157 79 10
81 136 8
140 110 15
90 72 10
163 100 15
38 64 9
99 142 8
168 96 14
15 138 13
25 19 13
157 128 10
56 14 13
161 70 12
166 37 9
20 75 7
8 16 11
124 59 15
160 156 7
122 40 19
96 39 9
35 81 20
37 27 11
163 34 12
78 24 9
101 131 16
160 97 15
93 25 13
42 54 16
57 21 18
130 126 19
39 70 10
126 157 12
91 54 11
33 134 11
43 91 9
33 85 19
119 27 13
67 102 17
33 25 8
80 141 17
50 102 14
78 174 19
33 67 7
128 101 14
84 97 18
170 107 13
58 126 16
101 32 19
151 156 18
26 89 15
101 115 12
148 176 7
178 50 7
108 167 16
48 116 20
156 116 14
89 175 15
80 172 13
79 75 9
80 44 8
64 174 12
104 109 20
1 65 13
38 143 16
86 28 17
11 111 10
71 3 14
119 62 18
131 56 16
50 11 11
90 92 17
84 151 19
55 35 18
20 73 15
85 53 18
1 41 17
12 112 7
14 91 10
14 23 7
68 60 20
156 29 18
125 164 17
174 76 14
116 147 11
145 5 15
110 124 20
1 103 14
100 34 7
156 39 10
157 75 15
139 27 7
129 106 11
104 76 15
178 102 9
1 52 16
156 88 9
169 170 13
155 134 18
57 72 12
137 147 12
140 131 16
139 37 17
45 151 14
20 128 17
150 115 15
85 145 11
98 41 13
122 161 16
131 110 12
10 132 18
68 77 11
4 76 15
68 100 11
144 95 9
125 157 10
49 28 18
101 2 17
14 24 13
13 116 19
108 142 15
15 131 18
78 69 7
113 48 13
144 16 9
58 157 15
61 28 8
29 147 15
62 22 19
5 9 16
94 139 15
56 59 12
136 156 14
1 156 20
45 35 15
80 162 9
169 95 7
72 92 18
111 145 20
45 98 13
6 64 12
101 138 16
166 119 8
85 167 13
5 133 14
137 88 14
15 135 14
61 63 8
168 29 8
154 16 7
138 146 10
37 22 16
87 7 9
61 119 8
63 22 10
168 88 13
140 90 19
15 32 17
124 146 12
24 129 18
114 66 14
49 9 15
132 14 17
150 72 14
90 138 11
55 98 14
84 98 16
42 23 8
25 118 7
100 175 12
119 22 16
25 99 12
158 25 9
177 21 8
123 101 8
87 88 8
77 175 15
84 55 16
178 111 8
153 133 9
10 32 14
130 125 17
163 141 10
52 98 8
3 156 15
111 5 15
137 116 12
146 121 20
132 121 17
87 168 9
152 159 12
81 3 11
117 34 10
164 83 10
166 179 15
26 159 9
37 133 8
156 7 14
94 62 17
9 51 8
33 155 15
172 100 16
78 74 8
70 128 15
138 59 8
172 66 16
13 113 8
9 62 12
32 121 15
150 177 20
134 46 16
74 69 18
159 30 13
178 118 11
46 149 12
130 75 10
98 151 7
142 5 9
178 149 12
132 146 15
139 47 7
57 135 15
44 162 11
57 92 7
37 47 14
158 19 11
20 36 16
117 66 11
50 142 17
4 143 18
146 92 9
38 69 18
59 135 18
73 130 15
59 92 7
121 92 15
169 180 18
34 169 11
137 48 9
5 49 12
21 56 14
86 37 17
33 118 18
103 41 17
163 117 12
150 14 15
171 144 12
90 32 17
131 21 17
24 69 13
106 69 14
23 106 19
11 145 12
5 153 20
46 173 16
20 161 10
38 74 15
113 7 15
176 161 14
127 50 19
47 63 12
165 72 18
23 76 15
71 103 11
33 158 18
49 179 7
149 53 13
32 56 8
33 173 15
117 162 14
90 124 9
132 59 16
55 65 12
119 18 8
39 58 15
168 147 12
38 129 8
159 175 14
94 86 8
94 119 13
82 180 14
134 11 9
155 127 9
170 82 16
68 163 15
81 98 18
7 116 14
88 48 14
52 3 15
102 99 18
63 133 17
127 85 9
177 135 12
155 173 14
20 148 9
148 164 17
88 116 13
153 18 12
43 69 16
126 101 18
28 51 18
75 70 12
2 72 7
162 141 17
31 35 14
87 112 18
86 68 8
47 9 18
40 123 11
110 57 19
153 139 7
166 47 7
140 165 8
5 94 20
42 69 13
50 118 9
115 32 17
160 65 11
11 102 14
31 45 15
168 116 20
105 165 12
73 123 19
111 102 12
166 153 14
118 173 17
161 75 9
47 133 9
35 151 7
104 42 13
178 108 16
165 14 20
114 60 17
86 9 14
13 88 18
63 62 15
89 30 19
32 59 14
4 43 10
68 34 19
151 71 19
108 67 19
141 30 18
172 89 16
120 25 18
101 124 20
111 99 18
9 18 10
48 147 7
172 60 7
163 162 9
87 48 19
168 12 10
84 65 12
13 12 12
168 48 7
154 107 18
66 34 10
87 39 17
93 142 9
85 11 11
170 16 12
77 172 11
56 121 16
58 36 9
15 90 11
171 180 14
133 18 20
158 93 9
35 41 20
137 87 11
129 4 16
171 95 11
93 67 11
31 41 18
12 88 9
116 39 17
24 143 11
120 134 14
172 159 19
166 86 7
11 19 13
10 121 12
93 167 9
55 45 9
169 154 19
73 157 8
172 163 17
138 32 12
6 74 16
118 5 12
152 17 17
45 65 14
20 79 10
168 7 19
168 113 19
82 154 17
120 67 12
94 22 19
20 123 12
125 161 20
150 32 15
14 6 14
20 126 8
138 177 12
133 9 10
108 46 11
156 147 8
64 43 12
8 82 7
50 46 15
40 128 14
13 7 16
98 65 11
95 16 13
123 75 10
150 138 16
86 62 14
162 30 7
8 95 9
134 19 10
134 145 18
84 52 10
76 54 16
3 41 18
176 122 12
176 128 14
24 64 19
152 141 11
2 32 11
78 4 8
33 50 10
155 111 18
6 78 12
141 100 20
105 121 15
158 127 13
153 37 7
170 95 10
144 107 10
143 106 13
58 161 19
35 97 8
86 18 7
94 47 8
86 179 7
37 119 14
120 11 13
101 121 17
139 49 8
39 20 11
171 82 7
47 62 8
103 97 17
59 121 17
178 67 18
179 47 13
78 104 18
71 41 8
140 32 8
109 174 12
7 29 9
78 109 20
61 37 16
14 54 20
169 82 13
76 106 18
72 14 9
87 13 19
67 145 12
137 13 13
4 23 10
36 79 17
93 102 16
172 44 10
90 2 8
74 43 19
104 23 14
61 47 11
102 142 15
15 150 11
35 71 17
159 100 16
6 129 13
1 151 17
128 83 19
35 52 14
88 29 14
74 4 14
147 39 20
114 89 9
24 4 11
113 96 18
2 121 13
12 48 12
130 79 15
84 35 15
3 97 10
125 101 9
131 121 16
134 85 8
39 40 18
143 76 19
14 174 17
176 36 11
99 5 11
153 119 15
173 167 13
104 43 10
66 30 17
73 101 10
15 121 20
115 124 11
150 140 18
56 72 8
157 70 9
120 142 14
94 63 19
68 141 11
90 177 9
94 37 12
47 51 18
131 90 17
76 33 7
57 14 12
93 173 18
164 123 11
158 108 15
150 90 13
121 14 13
53 19 13
14 78 9
176 75 12
110 105 10
58 101 19
141 17 13
15 177 13
173 5 16
141 175 15
174 43 10
108 145 12
26 17 14
36 75 17
95 154 9
94 51 11
137 112 20
16 107 13
95 180 14
102 5 16
43 23 9
60 169 20
40 101 15
26 66 7
37 63 12
10 124 11
134 53 15
19 118 10
162 60 9
14 64 18
81 103 14
9 28 17
73 79 18
39 79 10
2 21 15
35 98 12
19 99 9
37 49 14
72 121 16
133 22 20
55 3 20
48 96 8
78 143 18
94 61 9
27 18 9
44 175 10
21 14 17
35 136 20
6 104 20
127 142 20
104 38 17
93 111 16
179 68 13
108 25 9
97 156 8
147 96 8
178 99 7
33 178 17
18 68 20
87 29 20
30 60 19
155 145 9
81 160 12
25 149 17
10 14 10
95 107 12
164 161 14
158 53 12
19 145 9
76 69 19
164 36 19
97 136 10
58 123 13
86 119 15
110 2 13
108 173 12
114 117 14
12 7 16
66 100 17
40 58 16
146 72 11
163 89 10
62 68 8
2 124 9
160 151 20
101 110 15
78 38 10
179 62 15
52 65 9
26 152 14
2 10 9
30 169 12
78 76 18
150 124 12
108 111 19
65 97 16
131 165 11
25 67 10
80 152 17
5 27 18
12 116 9
119 49 11
156 13 9
115 138 10
155 25 19
167 142 15
31 151 10
132 21 16
110 135 9
124 21 10
101 132 16
130 70 14
173 111 13
179 51 19
82 107 12
84 156 19
37 28 14
112 7 8
45 136 9
44 66 8
119 63 14
118 102 8
155 85 20
70 83 16
31 98 14
42 106 19
175 17 9
140 59 19
115 10 11
119 68 16
145 142 18
129 43 7
144 154 10
110 132 8
134 25 7
104 54 7
171 8 18
173 99 10
87 147 15
95 82 9
170 154 17
129 76 15
156 12 20
106 33 8
57 56 18
125 126 7
114 159 18
122 128 12
55 160 9
155 93 15
5 37 19
123 36 20
178 134 15
77 152 9
77 89 16
108 93 10
61 27 20
139 61 19
14 109 20
123 161 18
27 179 18
176 164 19
7 96 18
50 167 9
123 157 11
85 102 7
68 89 14
50 53 13
127 118 12
73 176 18
17 169 18
80 89 20
40 36 7
148 83 7
134 167 8
131 57 10
10 57 17
43 42 19
77 159 7
173 145 12
113 147 19
68 117 7
91 33 11
4 69 12
141 34 7
39 73 7
134 93 10
39 161 10
5 166 12
56 146 17
129 23 14
32 105 16
155 118 17
48 7 15
28 68 12
50 111 12
89 100 12
114 172 13
45 3 19
158 67 19
133 68 11
108 85 9
94 18 12
14 104 16
153 49 10
67 118 12
82 16 12
28 22 12
98 160 7
130 164 9
2 105 15
40 161 11
101 150 19
64 23 17
68 44 7
141 60 15
53 142 8
164 70 9
65 136 16
140 105 8
1 35 8
54 69 12
63 9 16
34 17 19
42 76 16
137 7 18
159 34 12
109 43 13
