50 20 20 30
0 0 0 0 4 8 11 13 18 23 26 28 28 28 32 33 35 40 42 47 49 54 55 57 62 67 67 72 74 79 84 86 88 90 90 90 90 90 92 93 96 99 103 105 105 110 114 116 121 122
2 7 9 10 13 14 15 15 20 28 31 31 36 39 42 44 49 50 53 55 56 56 60 63 64 72 74 77 78 79 88 92 92 92 94 98 101 106 111 112 113 114 115 119 124 129 133 138 142 147
2 11 16 19 20 20 23 27 27 28 35 39 39 42 44 46 52 54 58 61 66 66 66 66 67 75 75 79 79 84 92 96 96 99 103 106 107 109 113 117 117 119 123 123 124 130 135 142 142 149
2 14 16 19 20 24 24 32 34 34 39 42 46 46 50 50 52 57 60 66 70 75 76 79 79 81 84 84 88 93 93 98 103 104 107 112 116 120 120 120 120 123 128 131 132 136 136 142 144 149
6 15 18 19 25 26 31 32 35 38 42 46 48 52 57 58 61 66 66 66 74 76 78 84 84 86 89 90 91 95 100 101 104 109 112 115 116 121 121 123 128 130 133 133 135 139 141 145 145 153
6 18 18 24 30 30 35 37 37 43 45 51 56 56 60 65 69 74 76 78 78 79 82 87 87 89 92 97 98 98 100 104 106 109 114 116 117 121 126 130 131 134 135 135 137 139 145 147 147 156
8 18 23 28 33 33 40 45 45 46 50 51 57 61 64 68 69 74 80 81 81 86 90 91 91 95 98 98 103 104 109 112 116 116 116 117 117 122 126 131 131 135 136 137 139 139 145 150 154 161
11 21 26 33 33 33 42 45 47 49 50 56 58 62 65 69 72 77 85 87 89 89 90 95 95 97 100 105 107 111 115 119 121 125 125 130 130 130 135 136 140 145 148 148 152 153 158 161 164 165
11 21 30 36 38 38 47 51 54 54 55 56 58 64 65 69 75 77 88 88 90 90 95 98 102 105 109 114 114 118 118 119 126 128 130 131 134 135 135 136 143 150 154 157 158 162 163 165 170 171
11 23 35 40 45 49 49 54 56 56 57 61 66 70 70 74 78 80 91 91 93 93 98 100 104 107 114 117 117 119 121 126 126 128 132 134 139 142 144 148 150 154 155 161 164 167 169 169 171 175
16 23 35 42 48 54 56 56 58 63 66 68 73 73 75 78 80 82 94 98 100 102 102 102 104 108 119 121 123 123 124 129 134 135 139 139 143 145 145 151 151 156 157 161 169 172 175 179 181 182
16 24 39 44 53 59 62 62 64 64 68 72 77 77 77 79 81 87 94 101 104 104 107 109 114 118 124 128 129 134 134 138 143 143 144 144 146 150 154 157 157 157 159 165 170 176 181 184 189 189
17 27 39 46 53 60 64 68 71 76 77 77 77 79 79 80 83 87 95 104 106 106 112 112 114 122 128 129 133 139 140 142 148 152 152 154 154 154 154 160 161 161 161 167 170 176 186 186 193 196
17 31 44 51 58 60 66 70 73 78 78 78 83 83 85 88 92 96 101 108 113 113 116 119 120 124 129 130 134 144 145 145 153 157 158 161 164 164 169 173 174 174 178 182 183 185 189 191 194 201
21 35 49 51 61 61 69 72 77 78 83 83 88 88 92 95 96 99 106 112 118 118 118 120 124 126 131 131 137 146 148 149 154 158 161 163 164 164 173 178 183 187 187 191 193 196 201 205 206 211
24 37 51 55 61 62 69 72 78 82 85 89 91 91 92 99 102 105 109 116 122 122 122 122 127 132 132 137 137 148 148 151 154 158 161 163 166 169 175 182 184 189 189 196 196 197 201 206 211 214
29 39 53 55 64 66 73 78 82 86 86 89 94 97 101 103 103 109 111 116 125 129 130 132 135 139 141 144 148 150 153 157 161 163 164 169 172 177 180 186 190 193 195 197 201 202 204 211 216 220
33 39 58 62 69 70 73 79 83 89 89 91 97 97 102 105 109 110 111 117 128 130 131 136 140 140 141 149 150 150 158 163 163 166 171 171 175 182 187 187 193 197 201 203 207 211 212 212 217 223
37 39 63 63 72 72 76 82 83 94 98 103 107 108 109 109 109 111 111 117 131 133 133 137 142 147 152 154 157 161 165 165 167 168 173 178 181 187 189 189 194 202 203 208 210 211 217 222 223 227
41 45 63 65 72 72 77 84 89 94 98 103 107 108 114 114 118 120 120 124 133 136 136 140 142 147 154 154 161 161 169 172 172 172 173 182 187 189 192 194 197 207 209 211 213 214 218 226 231 231
43 48 64 65 74 79 80 88 94 94 101 106 109 110 118 121 121 126 130 132 136 141 145 147 149 154 154 156 161 164 171 174 174 175 180 185 188 194 198 201 206 212 214 218 220 220 221 228 232 232
48 48 64 67 74 83 86 88 99 99 101 111 112 117 120 124 125 126 130 137 140 141 145 149 152 158 163 164 169 173 178 183 185 189 193 193 193 194 201 202 210 217 220 223 225 230 233 238 238 241
48 49 64 69 75 84 89 91 102 106 109 113 117 121 121 126 131 133 136 140 142 142 145 152 152 160 166 169 173 177 178 187 187 189 198 198 202 202 202 203 212 217 220 224 226 232 236 242 242 243
52 57 66 71 75 86 93 96 103 109 113 114 118 121 124 129 131 134 141 142 147 149 153 156 161 161 169 174 174 181 185 192 197 202 204 205 208 210 212 212 212 217 220 225 226 236 237 244 249 251
56 59 69 74 80 86 98 98 104 109 114 118 123 123 124 134 139 143 148 152 153 153 154 159 166 168 172 174 176 183 185 197 201 206 209 211 213 213 216 221 222 224 228 228 228 236 241 248 252 255
56 60 71 74 84 89 101 106 107 112 116 122 125 128 130 139 139 144 151 154 154 155 158 164 170 174 175 175 180 185 186 200 204 210 214 218 219 219 224 228 230 234 234 234 236 240 246 252 257 262
59 61 72 78 88 94 105 111 115 119 119 122 130 132 136 140 141 145 151 154 158 158 158 164 173 176 179 183 183 188 189 200 204 215 220 225 230 234 236 236 240 241 243 245 248 248 250 256 259 262
60 64 72 81 88 94 105 111 115 123 128 132 132 137 141 141 144 149 151 154 158 163 163 165 176 179 180 183 185 189 189 200 207 215 221 225 232 239 242 246 246 247 248 252 257 262 264 268 271 273
64 64 73 82 88 95 107 115 118 123 130 132 135 137 142 144 145 151 152 154 159 163 167 171 179 184 187 187 187 193 197 202 207 219 226 228 234 244 248 251 255 260 263 265 270 275 278 282 287 290
67 69 75 84 90 95 112 115 123 126 131 135 140 144 149 151 151 154 158 163 164 166 167 175 179 189 194 198 199 199 201 202 207 222 229 230 237 247 252 252 256 262 263 266 275 280 280 286 289 291
67 73 75 84 90 98 112 119 125 126 134 140 143 146 152 157 160 160 162 163 168 169 170 179 181 189 194 200 200 204 208 209 213 226 230 235 237 250 256 256 257 267 268 273 279 283 283 291 292 292
67 74 77 85 91 98 112 123 127 131 136 140 147 150 155 158 164 169 173 173 176 176 176 180 184 194 198 204 208 213 218 219 220 229 234 237 239 252 261 263 268 268 273 277 279 284 285 291 295 297
67 74 78 85 93 99 113 128 128 135 137 142 147 155 157 158 164 172 173 173 179 183 184 188 191 196 198 205 209 218 218 223 224 230 236 238 241 253 264 264 268 268 277 280 282 285 285 293 299 299
72 74 78 87 94 102 115 130 131 138 142 143 151 155 161 162 166 176 177 177 183 183 186 190 195 196 199 209 211 222 222 223 227 234 241 246 248 257 264 264 271 275 281 285 289 294 294 299 300 301
75 79 82 87 98 103 119 130 135 140 147 147 151 155 164 164 170 177 181 181 186 189 193 197 197 197 200 212 213 222 222 223 230 234 244 246 253 261 268 272 272 280 286 286 290 297 297 299 304 304
79 83 84 87 98 104 119 135 138 140 149 152 152 155 167 172 175 177 184 188 192 197 201 201 206 206 208 212 214 225 225 226 230 239 246 247 257 262 270 272 272 283 288 288 295 299 299 299 304 307
82 83 87 87 100 105 124 137 140 142 149 156 160 165 167 177 178 182 185 192 193 201 206 207 207 208 210 212 214 229 234 236 239 241 246 249 259 267 273 273 276 283 292 296 301 304 306 308 308 309
85 85 91 92 102 107 128 142 142 144 149 160 160 170 170 178 182 185 190 192 197 206 208 208 212 216 217 219 222 233 238 242 243 243 247 249 260 270 273 274 276 287 296 299 303 307 310 310 314 315
89 93 93 95 104 111 132 144 148 152 152 163 168 170 174 179 186 191 191 192 201 206 210 210 217 217 222 225 229 235 238 243 243 243 249 251 260 273 275 276 279 292 296 299 307 311 311 311 315 319
89 95 95 95 105 115 135 145 151 152 153 163 169 170 176 179 188 192 195 198 205 208 214 216 217 220 226 226 230 238 241 243 244 244 251 251 265 273 280 281 283 294 297 302 310 316 319 319 320 322
94 95 99 99 105 116 136 149 152 154 156 163 170 173 178 181 191 192 197 202 207 211 218 218 220 222 229 230 230 240 241 248 249 252 254 255 270 278 280 284 289 294 301 303 310 316 319 324 327 327
96 99 99 101 105 118 139 149 152 155 161 165 173 175 178 181 191 197 199 202 207 214 221 224 225 226 234 234 239 240 241 248 254 254 256 256 275 283 283 286 292 298 301 308 312 320 325 330 330 334
100 100 100 101 105 118 142 153 157 159 161 170 178 181 185 187 195 202 205 207 207 218 222 228 233 237 238 238 240 245 245 253 259 263 263 268 279 287 290 291 294 299 301 309 317 320 329 334 337 337
105 106 110 112 112 121 142 158 161 166 169 173 183 186 187 191 196 207 212 215 219 219 225 228 235 238 239 239 240 247 249 257 264 265 270 275 279 289 291 293 298 301 303 311 320 322 331 334 337 340
106 106 112 113 114 122 146 163 168 170 173 173 186 190 191 195 196 210 213 219 219 220 227 231 235 240 241 241 243 247 249 262 267 268 274 277 282 290 295 297 298 302 306 316 323 323 332 339 342 347
109 111 117 121 121 124 149 166 170 170 178 182 187 194 194 197 197 212 216 221 226 231 232 232 236 240 244 245 248 248 252 263 270 273 276 279 287 293 297 301 303 303 308 319 325 329 337 342 347 347
114 118 118 121 123 129 152 167 175 178 180 185 190 197 201 202 202 216 219 223 229 232 234 234 240 244 244 247 248 248 252 268 270 273 276 282 288 297 301 304 308 310 315 319 329 333 341 346 347 348
118 118 122 127 128 129 154 170 180 180 180 187 192 197 201 205 210 221 224 226 232 235 238 241 245 247 248 248 252 255 255 271 273 278 279 284 292 299 306 306 313 315 319 319 329 337 345 348 350 352
122 122 123 132 133 134 157 173 184 189 193 194 197 201 201 207 215 221 227 227 232 240 241 241 246 248 252 252 252 257 261 275 276 281 282 284 295 301 308 312 313 317 324 329 333 338 349 354 356 357
125 130 135 140 140 141 161 178 188 193 196 200 200 204 209 211 218 224 227 227 232 245 248 253 253 253 256 258 263 263 263 277 281 286 288 289 297 301 309 317 317 317 325 333 334 338 351 358 362 367
