100 25 20 30
0 16 26 46 64 77 93 105 125 137 150 169 180 198 217 233 252 268 287 303 315 330 349 362 375 388 402 417 435 450 470 481 492 507 517 530 547 562 572 585 598 614 625 639 652 666 686 702 712 724 744 757 770 789 805 816 826 838 856 876 886 903 914 924 934 951 970 981 999 1017 1030 1046 1059 1077 1097 1116 1129 1145 1162 1181 1200 1218 1237 1253 1268 1288 1298 1314 1324 1337 1351 1367 1377 1396 1406 1421 1434 1447 1461 1478
13 32 50 62 80 97 116 132 151 161 177 197 211 226 240 250 268 285 302 318 335 354 368 378 393 411 429 443 461 478 498 511 524 540 551 567 584 599 619 638 650 661 674 689 702 714 724 741 752 767 777 796 811 831 851 868 879 889 901 912 928 948 965 982 997 1013 1029 1044 1054 1067 1085 1101 1116 1126 1141 1156 1171 1183 1194 1211 1226 1243 1254 1265 1282 1298 1312 1330 1341 1353 1363 1379 1391 1408 1421 1434 1447 1461 1471 1495
31 48 64 76 97 111 134 148 163 175 187 217 227 237 252 263 288 303 313 328 345 369 385 400 417 430 446 457 480 494 516 529 547 557 572 582 603 616 630 655 669 687 697 708 724 738 755 765 779 790 801 821 833 846 868 879 893 904 916 926 943 965 984 996 1008 1028 1049 1066 1086 1096 1108 1127 1140 1154 1164 1180 1192 1204 1220 1232 1243 1257 1268 1280 1302 1315 1335 1349 1359 1370 1383 1403 1415 1428 1441 1453 1473 1487 1501 1521
46 68 78 89 112 127 153 171 182 198 209 235 247 266 278 290 307 324 339 351 367 379 400 419 432 446 463 475 493 509 533 545 559 573 590 600 619 634 647 668 684 706 716 729 748 768 782 799 817 827 845 859 871 885 895 909 925 935 955 974 984 1000 1017 1037 1055 1073 1088 1102 1122 1139 1158 1174 1184 1195 1209 1229 1239 1249 1259 1275 1289 1299 1318 1338 1358 1369 1383 1403 1413 1426 1445 1455 1474 1486 1496 1511 1524 1534 1553 1563
59 79 94 110 123 143 167 191 202 219 235 253 272 287 304 318 336 347 357 369 384 401 415 431 444 462 479 491 506 519 548 559 577 595 615 634 652 670 681 698 709 725 736 753 773 790 801 817 836 849 867 885 899 916 931 948 965 978 994 1008 1018 1033 1043 1058 1070 1087 1105 1115 1132 1150 1171 1193 1213 1232 1248 1262 1272 1283 1293 1310 1327 1337 1350 1363 1375 1385 1405 1424 1438 1457 1468 1478 1490 1506 1519 1532 1546 1565 1579 1599
79 93 107 124 138 159 185 211 222 236 251 272 288 300 320 336 349 361 373 392 411 428 438 452 471 481 495 508 519 532 567 583 594 610 630 645 672 691 709 724 743 758 774 792 806 822 835 855 870 883 895 905 924 934 954 972 985 997 1010 1022 1033 1045 1059 1076 1088 1102 1121 1136 1148 1170 1184 1210 1233 1247 1265 1285 1304 1320 1333 1350 1363 1382 1395 1406 1421 1437 1457 1475 1494 1505 1522 1534 1545 1560 1572 1590 1605 1617 1636 1648
94 114 124 138 157 169 205 222 235 254 264 288 305 319 337 355 370 386 398 408 423 445 455 474 489 507 522 532 548 565 583 599 615 627 640 663 686 708 724 735 761 772 793 803 820 834 850 869 888 899 914 931 943 959 972 986 1004 1015 1025 1040 1052 1067 1080 1094 1114 1130 1144 1154 1172 1183 1202 1223 1247 1263 1277 1300 1318 1338 1350 1361 1382 1397 1414 1428 1445 1459 1474 1492 1509 1519 1534 1544 1561 1577 1589 1603 1616 1629 1646 1665
111 127 146 158 173 190 216 233 253 264 280 298 325 341 353 365 385 399 417 433 448 468 478 491 505 523 540 552 568 587 602 612 628 648 666 679 703 720 734 745 777 797 810 822 842 853 873 884 901 911 924 943 957 971 991 1010 1024 1044 1063 1082 1101 1117 1127 1137 1148 1162 1173 1193 1205 1215 1232 1242 1265 1282 1301 1311 1332 1350 1366 1384 1402 1422 1441 1454 1472 1484 1498 1508 1525 1538 1555 1569 1581 1601 1611 1621 1640 1650 1666 1683
129 139 157 169 189 210 228 251 269 281 299 319 344 356 370 388 405 425 445 462 479 489 501 519 533 543 562 572 591 601 612 625 638 668 680 694 720 730 752 762 788 807 830 846 865 875 886 906 924 942 957 976 992 1007 1020 1036 1050 1067 1077 1097 1114 1131 1142 1161 1176 1186 1199 1214 1231 1242 1256 1270 1282 1296 1318 1333 1345 1365 1382 1400 1421 1441 1455 1471 1491 1505 1523 1542 1554 1570 1580 1600 1619 1631 1651 1667 1682 1692 1706 1724
141 159 179 198 211 224 248 265 288 307 321 336 357 371 389 407 419 439 465 482 501 516 529 548 562 572 582 592 610 620 630 647 664 681 699 718 731 742 770 784 808 824 848 868 885 897 917 930 943 959 969 986 1010 1027 1047 1063 1080 1100 1112 1124 1142 1153 1170 1186 1203 1221 1236 1252 1262 1277 1292 1302 1322 1342 1353 1366 1381 1391 1407 1420 1441 1456 1471 1489 1511 1528 1540 1559 1573 1591 1602 1622 1636 1646 1668 1679 1701 1711 1728 1748
152 178 192 214 227 245 258 279 302 324 339 351 367 390 401 422 438 454 475 493 519 529 545 565 579 591 609 623 633 649 663 678 689 704 719 738 750 766 790 801 819 838 862 885 898 908 931 946 957 975 990 1009 1024 1045 1059 1074 1098 1111 1127 1146 1156 1176 1193 1211 1230 1248 1264 1281 1292 1312 1324 1336 1347 1364 1383 1396 1415 1435 1454 1466 1482 1497 1516 1529 1539 1557 1570 1590 1602 1619 1634 1650 1670 1682 1696 1706 1724 1742 1761 1776
170 198 211 231 247 257 270 289 316 343 354 373 389 407 425 436 452 472 493 507 530 540 562 578 592 603 621 642 657 668 681 691 703 722 736 756 769 784 810 826 839 852 879 899 915 932 947 963 979 989 1009 1020 1041 1059 1078 1096 1108 1123 1147 1161 1171 1187 1209 1229 1247 1258 1278 1293 1303 1327 1341 1357 1369 1381 1394 1411 1433 1454 1470 1480 1501 1519 1537 1556 1566 1585 1605 1620 1638 1648 1661 1680 1699 1711 1726 1736 1753 1765 1780 1799
186 209 224 242 267 279 289 301 326 360 378 391 401 417 444 462 477 490 509 523 543 560 578 591 609 626 641 660 680 699 714 732 751 764 780 798 814 830 841 855 871 881 895 917 937 953 973 987 1002 1017 1028 1044 1064 1074 1096 1111 1122 1134 1161 1175 1195 1206 1219 1249 1264 1280 1300 1316 1331 1350 1367 1387 1400 1415 1425 1442 1452 1473 1491 1510 1526 1543 1555 1575 1586 1599 1624 1638 1654 1672 1685 1699 1719 1729 1745 1755 1775 1795 1807 1827
202 228 248 268 286 299 309 328 340 380 391 404 422 438 463 478 493 510 520 535 560 570 594 612 632 651 667 683 702 713 730 751 767 786 803 819 830 841 857 870 884 898 916 933 947 970 988 1000 1013 1028 1046 1064 1082 1098 1116 1130 1149 1163 1177 1187 1210 1223 1234 1261 1277 1294 1317 1330 1344 1360 1382 1400 1417 1429 1449 1464 1481 1495 1513 1532 1545 1564 1584 1604 1619 1635 1650 1669 1685 1703 1717 1727 1740 1751 1761 1777 1793 1815 1832 1848
213 245 262 288 301 317 330 347 359 399 412 425 436 457 474 494 513 523 539 551 571 581 609 623 642 661 687 697 714 729 746 761 782 797 820 830 847 866 886 896 910 920 932 949 959 983 1004 1020 1031 1049 1065 1083 1098 1115 1128 1143 1169 1179 1189 1205 1226 1245 1265 1284 1299 1309 1327 1343 1355 1376 1397 1417 1434 1448 1462 1479 1493 1515 1530 1548 1564 1583 1604 1622 1637 1652 1662 1683 1695 1718 1736 1749 1769 1784 1801 1816 1833 1850 1869 1882
232 262 272 308 328 342 362 377 393 417 435 447 462 482 492 511 529 548 562 581 598 612 631 647 664 681 703 717 736 747 766 776 798 814 831 848 860 886 898 912 927 937 954 968 978 1000 1015 1036 1053 1072 1085 1099 1114 1132 1142 1153 1179 1197 1217 1233 1244 1257 1277 1303 1323 1333 1343 1362 1376 1387 1408 1428 1444 1467 1478 1489 1513 1532 1546 1563 1577 1593 1622 1639 1649 1672 1687 1705 1723 1734 1752 1767 1779 1800 1817 1831 1848 1867 1883 1896
242 281 294 322 346 363 374 388 406 429 452 469 479 494 513 523 542 568 587 602 617 637 650 667 678 697 722 737 755 767 777 792 810 831 847 864 875 900 914 932 943 961 976 986 996 1010 1026 1054 1072 1086 1098 1114 1126 1151 1168 1179 1189 1210 1227 1245 1261 1273 1290 1314 1342 1357 1368 1379 1397 1412 1422 1438 1464 1478 1489 1501 1530 1544 1557 1575 1592 1605 1632 1651 1665 1687 1697 1724 1740 1759 1771 1781 1791 1817 1830 1851 1863 1877 1900 1918
262 295 312 335 365 377 397 407 419 446 464 479 495 505 533 543 553 579 603 613 634 649 667 683 693 717 734 755 766 777 796 813 827 841 864 879 899 916 935 947 957 974 996 1011 1030 1046 1059 1079 1097 1114 1125 1135 1154 1170 1189 1207 1224 1243 1259 1272 1290 1304 1320 1338 1358 1371 1386 1399 1415 1425 1440 1456 1484 1498 1512 1531 1549 1568 1585 1604 1614 1630 1649 1663 1676 1699 1718 1744 1760 1770 1782 1798 1814 1829 1845 1864 1877 1894 1914 1934
276 310 325 346 378 397 409 424 435 456 474 496 513 528 551 565 580 595 623 642 652 671 685 698 711 735 752 775 787 799 811 830 844 854 882 895 918 930 951 971 987 997 1009 1028 1043 1066 1083 1094 1111 1134 1145 1156 1170 1190 1203 1226 1237 1260 1271 1289 1308 1318 1340 1350 1368 1384 1402 1412 1431 1441 1456 1466 1498 1509 1530 1551 1568 1579 1597 1622 1637 1655 1665 1675 1690 1710 1733 1763 1781 1794 1804 1815 1831 1847 1860 1874 1892 1912 1926 1944
287 320 337 363 392 413 428 438 451 474 486 509 533 545 561 576 591 606 641 660 680 698 708 718 729 755 771 793 808 826 839 859 869 886 906 917 931 948 969 983 1003 1013 1023 1040 1063 1085 1099 1112 1128 1149 1168 1183 1193 1207 1225 1241 1253 1271 1289 1309 1322 1339 1355 1370 1384 1402 1419 1437 1452 1471 1482 1499 1509 1524 1548 1567 1586 1596 1609 1634 1653 1669 1681 1698 1712 1732 1753 1778 1792 1808 1828 1847 1857 1867 1886 1896 1912 1923 1944 1954
303 333 353 376 404 423 445 455 467 488 501 520 550 570 585 595 607 617 659 675 690 710 720 738 756 766 789 812 828 844 856 869 880 904 919 937 950 963 981 993 1022 1036 1047 1058 1074 1104 1117 1131 1146 1168 1188 1203 1223 1235 1253 1273 1292 1308 1326 1340 1359 1373 1383 1400 1417 1431 1441 1454 1472 1488 1498 1519 1539 1554 1574 1585 1604 1617 1631 1648 1672 1682 1699 1715 1730 1742 1768 1796 1814 1825 1842 1857 1877 1897 1915 1930 1940 1951 1961 1979
313 349 366 396 416 442 456 466 486 499 516 538 566 587 601 611 624 638 673 693 707 723 739 752 769 783 803 822 838 854 871 883 897 914 938 949 963 975 997 1013 1038 1054 1073 1083 1102 1121 1133 1151 1161 1183 1205 1220 1242 1262 1277 1287 1309 1328 1345 1359 1374 1387 1397 1418 1433 1453 1467 1486 1503 1516 1526 1545 1555 1566 1588 1606 1621 1635 1654 1672 1683 1698 1714 1725 1744 1756 1778 1813 1825 1836 1853 1876 1895 1908 1926 1947 1963 1982 1995 2010
323 363 377 412 428 460 476 496 516 526 537 548 581 604 621 634 651 665 688 704 726 746 759 776 788 798 815 837 858 873 891 905 915 933 950 968 985 1002 1022 1038 1051 1067 1091 1105 1125 1141 1158 1174 1188 1200 1218 1235 1252 1272 1294 1305 1323 1345 1359 1379 1390 1403 1422 1442 1452 1466 1478 1504 1522 1538 1550 1560 1573 1584 1607 1627 1647 1659 1669 1688 1698 1718 1738 1753 1765 1775 1798 1828 1839 1849 1864 1886 1907 1927 1940 1964 1980 2000 2020 2039
339 378 390 426 439 475 495 516 528 538 548 558 593 616 637 653 666 684 698 720 741 759 771 793 805 824 843 863 874 888 901 915 932 944 969 983 996 1014 1039 1051 1071 1086 1110 1125 1144 1160 1180 1191 1209 1229 1249 1259 1269 1290 1312 1322 1340 1356 1379 1391 1405 1423 1435 1460 1472 1484 1495 1523 1533 1557 1570 1580 1594 1614 1628 1648 1666 1676 1687 1707 1722 1742 1760 1780 1792 1806 1824 1844 1859 1874 1885 1904 1920 1942 1955 1983 1995 2013 2039 2050
357 396 406 436 456 486 506 526 548 564 574 584 604 626 650 664 676 702 716 736 759 770 788 809 825 840 860 883 893 912 929 947 960 970 981 1001 1011 1029 1057 1067 1088 1105 1120 1144 1158 1173 1194 1210 1220 1245 1264 1278 1297 1312 1329 1340 1351 1366 1397 1413 1431 1442 1458 1470 1484 1496 1509 1540 1560 1579 1594 1604 1615 1628 1638 1661 1677 1692 1706 1717 1735 1761 1774 1800 1817 1830 1842 1864 1875 1894 1906 1921 1931 1954 1966 2003 2019 2039 2050 2063
371 411 421 449 467 499 519 538 558 582 592 609 619 646 660 675 696 712 730 751 776 786 803 822 837 856 878 894 905 931 946 960 979 990 1006 1023 1041 1055 1067 1080 1105 1119 1133 1161 1171 1184 1204 1220 1240 1260 1274 1296 1309 1324 1339 1356 1368 1379 1407 1430 1445 1462 1475 1491 1506 1518 1532 1550 1573 1590 1606 1618 1638 1649 1665 1684 1701 1718 1730 1740 1755 1781 1797 1814 1827 1850 1860 1876 1887 1905 1924 1934 1944 1974 1993 2021 2034 2055 2065 2079
382 427 446 468 484 510 539 549 572 593 611 621 638 657 676 690 708 728 742 767 789 801 817 832 852 872 888 908 923 943 956 971 989 1000 1016 1034 1051 1075 1091 1107 1119 1138 1151 1176 1186 1206 1220 1235 1254 1276 1295 1309 1323 1340 1355 1370 1387 1398 1417 1443 1457 1472 1488 1508 1525 1543 1559 1570 1585 1600 1622 1641 1659 1676 1686 1700 1720 1738 1755 1766 1777 1796 1816 1826 1847 1869 1879 1890 1900 1922 1937 1951 1963 1985 2010 2033 2050 2073 2090 2102
399 447 460 481 500 520 557 569 590 608 621 639 652 674 695 705 728 738 755 786 801 821 839 851 872 883 899 928 942 961 981 998 1012 1023 1041 1059 1069 1090 1104 1126 1138 1153 1168 1190 1200 1224 1239 1250 1266 1295 1305 1322 1341 1352 1373 1389 1402 1422 1440 1463 1481 1492 1507 1527 1546 1560 1579 1590 1606 1617 1632 1651 1675 1696 1716 1733 1748 1768 1778 1788 1802 1822 1833 1844 1863 1886 1906 1919 1931 1941 1960 1976 1995 2013 2029 2044 2062 2089 2108 2126
409 459 473 496 510 540 576 586 601 619 639 656 676 695 710 725 745 765 777 800 814 831 858 877 891 907 923 940 961 978 1001 1015 1031 1046 1062 1081 1098 1116 1130 1147 1159 1175 1188 1200 1212 1241 1254 1266 1279 1306 1323 1343 1360 1376 1392 1402 1419 1438 1456 1477 1496 1516 1529 1541 1562 1582 1602 1618 1631 1648 1668 1680 1700 1715 1726 1753 1766 1788 1802 1819 1830 1840 1857 1868 1887 1906 1919 1931 1943 1953 1976 1991 2014 2025 2041 2057 2080 2103 2127 2146
429 479 499 513 527 556 591 609 619 633 657 673 690 711 721 742 758 780 800 810 829 846 876 891 910 925 935 956 975 989 1021 1036 1046 1056 1079 1094 1117 1135 1153 1173 1190 1209 1219 1238 1257 1267 1280 1298 1317 1331 1345 1364 1378 1392 1403 1415 1434 1448 1471 1493 1507 1532 1552 1572 1582 1596 1622 1632 1642 1658 1686 1696 1712 1727 1739 1767 1781 1800 1818 1837 1853 1865 1882 1897 1912 1932 1951 1969 1981 1993 2006 2020 2032 2049 2064 2083 2100 2114 2137 2164
439 495 512 528 540 576 604 627 642 654 676 686 709 721 738 754 768 797 814 827 847 860 895 910 930 943 961 973 991 1002 1032 1048 1058 1075 1089 1105 1128 1146 1163 1187 1207 1226 1236 1254 1271 1282 1296 1310 1329 1342 1361 1374 1393 1403 1414 1425 1451 1461 1484 1507 1520 1546 1570 1588 1601 1613 1632 1652 1671 1688 1700 1717 1737 1747 1766 1784 1804 1820 1832 1849 1867 1878 1894 1917 1931 1949 1971 1989 2000 2019 2039 2051 2062 2072 2085 2099 2115 2130 2157 2177
456 514 534 547 557 587 614 638 655 673 690 703 725 745 764 774 789 816 834 846 865 883 913 933 944 964 974 988 1004 1015 1045 1058 1074 1087 1109 1122 1142 1161 1182 1201 1219 1237 1249 1269 1288 1305 1321 1333 1345 1357 1377 1393 1407 1427 1445 1456 1474 1494 1507 1525 1540 1564 1588 1598 1620 1630 1642 1667 1681 1706 1718 1728 1751 1761 1780 1804 1818 1837 1855 1873 1885 1901 1914 1930 1942 1960 1990 2009 2029 2043 2060 2076 2088 2105 2119 2129 2139 2151 2168 2195
471 534 544 565 583 597 626 651 669 685 708 726 746 759 777 795 811 828 853 868 878 901 932 943 962 982 992 1003 1022 1041 1061 1071 1085 1098 1128 1141 1152 1179 1192 1221 1237 1254 1272 1285 1301 1323 1333 1349 1367 1377 1397 1408 1418 1444 1463 1473 1493 1506 1527 1541 1558 1584 1604 1621 1639 1654 1664 1677 1696 1717 1728 1743 1761 1779 1797 1823 1835 1855 1868 1893 1903 1913 1930 1950 1962 1978 2001 2021 2040 2063 2083 2100 2113 2128 2148 2159 2172 2189 2207 2224
485 554 564 580 597 613 642 670 680 700 723 741 760 777 787 806 821 838 863 882 902 922 948 961 981 1001 1013 1023 1042 1062 1078 1097 1111 1125 1148 1163 1173 1189 1207 1237 1252 1270 1282 1303 1320 1335 1353 1365 1377 1395 1415 1428 1439 1464 1484 1504 1517 1533 1545 1565 1576 1599 1623 1642 1653 1673 1691 1704 1720 1739 1749 1763 1777 1789 1808 1837 1857 1875 1894 1913 1931 1947 1960 1977 1994 2009 2029 2041 2052 2076 2099 2115 2127 2145 2163 2175 2188 2204 2222 2242
498 564 579 596 613 631 657 681 697 717 739 753 773 787 804 821 840 850 876 900 914 938 961 974 993 1014 1029 1049 1067 1078 1092 1110 1124 1136 1165 1182 1202 1213 1228 1253 1264 1283 1296 1320 1332 1348 1370 1381 1391 1414 1429 1442 1460 1480 1504 1516 1527 1545 1556 1581 1591 1609 1633 1662 1679 1690 1709 1727 1746 1758 1768 1784 1801 1812 1832 1855 1875 1890 1904 1923 1942 1962 1977 1990 2009 2019 2040 2054 2073 2091 2116 2135 2150 2165 2177 2187 2205 2218 2237 2256
514 582 592 606 625 651 673 693 710 729 756 769 792 804 820 834 858 872 890 917 937 957 971 988 1012 1033 1043 1061 1086 1105 1121 1139 1152 1171 1182 1201 1218 1234 1251 1273 1293 1304 1314 1335 1353 1364 1386 1396 1415 1428 1443 1453 1479 1490 1519 1539 1555 1573 1583 1603 1621 1633 1652 1680 1696 1708 1724 1738 1759 1773 1792 1806 1819 1835 1848 1871 1894 1907 1917 1937 1960 1973 1988 2000 2029 2042 2053 2072 2089 2101 2130 2150 2160 2182 2192 2205 2219 2238 2249 2275
533 600 620 638 657 674 689 713 724 744 767 787 802 822 837 850 878 888 907 930 950 969 981 1007 1030 1050 1063 1080 1100 1123 1137 1151 1165 1191 1206 1218 1235 1252 1272 1289 1312 1330 1345 1363 1374 1391 1403 1415 1426 1445 1462 1473 1492 1510 1533 1553 1569 1593 1603 1619 1631 1650 1664 1696 1710 1728 1746 1764 1774 1784 1802 1822 1839 1857 1871 1890 1905 1918 1935 1953 1979 1997 2013 2026 2045 2055 2066 2085 2102 2114 2141 2170 2188 2207 2223 2234 2244 2254 2269 2289
545 610 636 657 669 686 707 728 746 758 783 804 822 838 848 868 895 912 924 945 961 986 997 1027 1050 1063 1078 1095 1115 1135 1153 1169 1189 1201 1225 1235 1246 1271 1284 1299 1329 1343 1362 1379 1397 1407 1418 1428 1445 1459 1481 1498 1518 1528 1551 1572 1584 1608 1621 1632 1645 1660 1676 1715 1735 1746 1761 1784 1798 1816 1826 1840 1852 1874 1890 1908 1926 1942 1958 1976 1994 2014 2029 2042 2062 2079 2096 2106 2121 2132 2157 2189 2206 2217 2241 2255 2266 2280 2300 2315
555 629 651 674 691 710 724 738 766 783 794 819 837 857 875 887 913 932 949 962 973 1004 1017 1037 1063 1081 1091 1108 1125 1153 1163 1183 1203 1213 1241 1259 1269 1281 1302 1320 1344 1360 1372 1397 1413 1431 1443 1461 1477 1490 1508 1522 1538 1554 1572 1591 1609 1623 1633 1647 1659 1675 1693 1729 1751 1764 1776 1799 1815 1834 1852 1863 1882 1902 1921 1931 1948 1966 1982 1993 2004 2025 2039 2054 2074 2097 2107 2117 2139 2150 2173 2201 2225 2235 2254 2271 2287 2301 2312 2325
565 643 666 694 713 733 745 760 780 796 812 835 855 876 895 908 923 952 968 981 995 1022 1032 1047 1073 1096 1110 1124 1135 1165 1179 1199 1213 1224 1253 1272 1288 1299 1318 1336 1364 1377 1395 1415 1432 1445 1459 1474 1492 1510 1522 1532 1556 1569 1587 1607 1622 1641 1656 1668 1684 1697 1711 1745 1762 1774 1789 1818 1832 1853 1871 1889 1909 1928 1948 1958 1975 1992 2003 2021 2038 2054 2065 2075 2087 2114 2126 2142 2160 2174 2188 2211 2236 2246 2271 2285 2304 2319 2337 2356
577 655 676 711 733 746 762 778 794 810 828 854 868 890 914 934 950 964 983 998 1008 1035 1046 1065 1084 1115 1135 1151 1162 1181 1197 1218 1232 1249 1268 1284 1305 1315 1338 1353 1384 1404 1414 1435 1451 1466 1482 1495 1508 1525 1542 1561 1571 1582 1600 1624 1640 1659 1670 1680 1695 1707 1730 1759 1778 1797 1816 1835 1850 1868 1891 1905 1919 1946 1966 1981 2001 2018 2034 2051 2068 2087 2102 2122 2140 2153 2163 2174 2188 2200 2211 2222 2249 2262 2291 2307 2320 2331 2357 2376
589 665 696 724 750 761 774 788 808 825 838 871 882 910 931 952 962 981 999 1009 1026 1051 1061 1083 1097 1132 1148 1170 1185 1199 1209 1233 1245 1259 1280 1298 1316 1328 1355 1369 1403 1414 1427 1445 1462 1476 1498 1509 1520 1538 1560 1573 1584 1602 1612 1639 1658 1671 1685 1705 1718 1732 1747 1770 1795 1812 1828 1846 1866 1885 1902 1915 1932 1962 1977 1991 2011 2033 2049 2068 2083 2097 2122 2134 2159 2171 2185 2196 2213 2228 2240 2254 2272 2288 2301 2324 2341 2355 2374 2387
609 676 706 735 768 786 802 819 831 846 857 891 905 921 943 962 972 992 1013 1033 1043 1061 1071 1096 1107 1147 1163 1187 1199 1210 1229 1244 1263 1277 1293 1308 1330 1342 1369 1383 1419 1439 1455 1470 1484 1494 1511 1521 1531 1550 1575 1586 1597 1617 1637 1655 1673 1693 1712 1730 1742 1761 1780 1791 1805 1823 1840 1864 1884 1897 1912 1931 1946 1978 1990 2011 2024 2053 2068 2088 2105 2115 2132 2153 2175 2194 2212 2227 2238 2258 2278 2296 2306 2326 2338 2351 2362 2374 2394 2408
626 690 718 750 781 804 824 836 849 861 871 906 922 935 961 979 993 1010 1027 1046 1061 1076 1088 1112 1122 1166 1186 1197 1212 1223 1240 1261 1281 1294 1311 1331 1341 1353 1379 1393 1434 1452 1465 1488 1501 1515 1526 1545 1557 1576 1586 1600 1616 1633 1647 1668 1692 1712 1729 1746 1760 1776 1793 1810 1820 1843 1856 1884 1899 1914 1929 1946 1964 1992 2008 2026 2043 2067 2086 2100 2117 2129 2146 2170 2192 2212 2224 2238 2256 2275 2297 2313 2331 2351 2361 2377 2394 2408 2421 2441
646 703 735 770 793 815 834 848 860 877 897 919 932 954 981 996 1014 1032 1045 1064 1080 1100 1118 1135 1153 1184 1204 1217 1229 1245 1257 1272 1295 1312 1322 1349 1367 1379 1397 1414 1453 1469 1487 1506 1524 1535 1554 1568 1585 1603 1613 1626 1641 1655 1665 1686 1706 1729 1745 1764 1780 1792 1810 1823 1843 1853 1867 1897 1910 1927 1939 1966 1978 2003 2018 2039 2062 2086 2101 2111 2137 2149 2161 2180 2204 2223 2238 2257 2268 2285 2313 2328 2344 2366 2381 2398 2415 2435 2446 2457
666 720 750 785 808 835 848 868 878 894 913 933 948 974 995 1015 1035 1053 1064 1074 1094 1118 1138 1156 1175 1201 1221 1232 1249 1265 1275 1287 1313 1331 1342 1361 1381 1393 1417 1430 1465 1486 1504 1524 1542 1561 1573 1592 1604 1623 1642 1655 1675 1690 1701 1717 1733 1749 1768 1787 1807 1826 1843 1857 1868 1880 1890 1909 1928 1946 1963 1982 2001 2022 2038 2057 2079 2103 2119 2138 2149 2162 2180 2191 2223 2243 2259 2269 2288 2302 2323 2342 2364 2384 2403 2414 2431 2451 2466 2476
683 730 760 805 820 845 861 886 898 915 926 953 966 985 1006 1027 1048 1072 1090 1106 1117 1131 1151 1174 1186 1217 1238 1248 1261 1284 1297 1313 1326 1349 1368 1384 1401 1413 1433 1443 1475 1496 1520 1543 1553 1576 1595 1605 1624 1635 1657 1670 1688 1703 1713 1737 1753 1770 1788 1802 1824 1840 1861 1873 1883 1893 1905 1921 1941 1957 1983 1993 2020 2042 2059 2069 2095 2120 2138 2149 2159 2176 2195 2214 2243 2257 2279 2289 2304 2321 2333 2354 2374 2403 2423 2434 2445 2462 2486 2501
694 744 775 817 840 855 879 906 924 941 951 964 976 1000 1020 1041 1066 1084 1106 1118 1129 1144 1166 1187 1205 1230 1254 1272 1291 1301 1314 1329 1342 1368 1384 1397 1415 1427 1447 1464 1495 1506 1534 1563 1576 1590 1615 1625 1641 1661 1680 1694 1706 1716 1731 1751 1770 1785 1808 1826 1838 1858 1875 1888 1906 1922 1934 1946 1965 1976 1993 2010 2033 2054 2071 2087 2113 2133 2153 2167 2182 2195 2211 2227 2260 2278 2290 2309 2320 2331 2344 2369 2386 2420 2440 2459 2474 2489 2506 2517
714 758 792 837 851 872 893 917 935 956 968 986 998 1012 1033 1055 1085 1100 1122 1142 1155 1174 1188 1204 1220 1240 1268 1284 1310 1323 1334 1348 1368 1383 1398 1409 1425 1444 1464 1474 1509 1529 1551 1577 1588 1600 1629 1641 1659 1677 1691 1712 1723 1739 1758 1768 1789 1806 1818 1839 1856 1874 1885 1902 1924 1934 1951 1962 1978 1990 2010 2028 2046 2064 2091 2103 2128 2143 2169 2181 2198 2212 2230 2246 2278 2288 2300 2323 2339 2355 2365 2380 2396 2431 2450 2470 2493 2505 2522 2532
731 774 802 851 861 884 909 933 947 974 991 1010 1022 1032 1047 1071 1096 1114 1140 1152 1169 1187 1204 1214 1239 1252 1285 1305 1320 1337 1356 1370 1380 1398 1410 1421 1439 1463 1480 1490 1523 1543 1563 1597 1607 1625 1642 1658 1672 1687 1709 1732 1746 1762 1774 1792 1806 1819 1829 1854 1872 1889 1904 1923 1944 1955 1972 1990 2000 2017 2032 2047 2057 2077 2101 2121 2143 2159 2179 2196 2214 2234 2254 2272 2288 2300 2316 2335 2350 2371 2382 2392 2407 2445 2466 2485 2513 2524 2542 2562
741 785 821 868 888 905 923 950 965 986 1009 1030 1045 1059 1072 1082 1107 1129 1158 1169 1185 1206 1226 1244 1254 1273 1301 1325 1341 1358 1369 1387 1407 1426 1445 1459 1474 1486 1498 1516 1533 1553 1580 1607 1621 1643 1662 1675 1685 1698 1725 1751 1764 1778 1798 1808 1818 1830 1840 1870 1886 1900 1924 1934 1959 1971 1982 2003 2013 2031 2047 2058 2077 2095 2114 2136 2161 2179 2196 2210 2229 2251 2270 2291 2308 2325 2339 2355 2369 2386 2396 2409 2428 2455 2485 2502 2530 2546 2561 2578
757 799 832 885 902 920 938 965 985 1003 1028 1050 1068 1088 1101 1119 1132 1152 1172 1183 1199 1219 1237 1262 1282 1294 1313 1342 1362 1376 1390 1400 1421 1444 1458 1475 1488 1503 1515 1532 1547 1572 1595 1618 1631 1663 1674 1690 1710 1726 1743 1761 1778 1798 1817 1835 1845 1856 1868 1882 1903 1917 1942 1952 1971 1984 2001 2018 2036 2055 2065 2079 2096 2107 2126 2156 2171 2190 2216 2234 2249 2261 2289 2306 2322 2338 2349 2365 2381 2398 2418 2428 2446 2475 2502 2517 2547 2557 2579 2593
777 809 849 895 922 934 951 981 1003 1016 1038 1062 1080 1106 1126 1144 1161 1171 1187 1201 1215 1235 1253 1274 1292 1313 1326 1360 1377 1389 1403 1416 1436 1459 1476 1493 1504 1517 1537 1557 1575 1589 1605 1634 1649 1674 1686 1700 1720 1736 1755 1780 1790 1817 1833 1847 1860 1871 1889 1899 1915 1931 1954 1970 1987 2001 2018 2028 2049 2070 2089 2099 2110 2128 2139 2175 2189 2200 2230 2246 2259 2278 2300 2316 2336 2356 2374 2394 2404 2414 2437 2452 2470 2494 2514 2533 2557 2569 2589 2605
791 819 862 905 937 957 975 991 1018 1029 1058 1072 1098 1121 1145 1157 1172 1191 1211 1225 1237 1248 1267 1286 1302 1323 1343 1379 1391 1407 1426 1441 1460 1470 1488 1511 1530 1545 1565 1577 1590 1601 1619 1647 1664 1692 1704 1719 1734 1751 1769 1799 1818 1833 1843 1857 1872 1891 1907 1921 1934 1954 1964 1981 2003 2013 2029 2041 2060 2087 2104 2117 2133 2144 2163 2187 2203 2217 2243 2259 2275 2295 2313 2327 2351 2371 2384 2413 2431 2451 2469 2482 2493 2507 2530 2543 2572 2587 2599 2621
808 836 872 920 947 970 985 1002 1034 1053 1068 1082 1118 1139 1161 1173 1188 1209 1229 1247 1258 1273 1284 1304 1324 1338 1363 1398 1416 1431 1441 1460 1474 1492 1512 1532 1544 1558 1576 1587 1605 1615 1632 1658 1675 1704 1716 1733 1748 1763 1789 1816 1834 1848 1862 1880 1897 1915 1925 1936 1947 1970 1986 2006 2021 2034 2050 2070 2082 2105 2117 2129 2153 2164 2177 2204 2217 2230 2256 2274 2294 2313 2333 2343 2370 2382 2397 2428 2444 2464 2482 2492 2509 2526 2549 2560 2584 2604 2624 2640
825 856 885 932 962 988 1000 1017 1046 1063 1082 1100 1128 1158 1181 1199 1209 1225 1241 1262 1280 1300 1319 1333 1347 1362 1375 1413 1435 1447 1463 1480 1496 1510 1524 1545 1564 1574 1587 1603 1622 1637 1654 1673 1695 1714 1732 1749 1763 1777 1808 1826 1850 1861 1880 1892 1910 1934 1947 1966 1983 1995 2015 2028 2045 2061 2081 2098 2109 2119 2134 2148 2167 2183 2195 2216 2233 2246 2271 2289 2311 2323 2343 2362 2383 2398 2417 2443 2456 2480 2499 2516 2534 2553 2573 2584 2604 2621 2643 2662
835 867 903 948 974 1002 1018 1028 1065 1085 1102 1117 1143 1178 1199 1210 1227 1237 1261 1279 1300 1310 1329 1352 1372 1382 1402 1428 1448 1458 1477 1490 1515 1526 1536 1556 1584 1601 1611 1626 1641 1651 1668 1691 1713 1724 1751 1769 1787 1805 1823 1836 1862 1875 1893 1903 1920 1944 1965 1984 1994 2005 2032 2043 2062 2082 2101 2118 2136 2154 2172 2192 2209 2221 2241 2252 2262 2280 2300 2320 2330 2342 2361 2377 2398 2408 2429 2455 2473 2492 2509 2526 2553 2573 2590 2610 2624 2639 2657 2672
851 881 916 966 991 1019 1029 1039 1079 1098 1115 1131 1153 1195 1219 1233 1243 1257 1280 1293 1311 1323 1348 1372 1387 1399 1415 1446 1463 1479 1498 1516 1529 1547 1565 1581 1598 1611 1625 1638 1658 1668 1685 1704 1730 1744 1770 1782 1805 1822 1837 1857 1873 1888 1906 1920 1940 1955 1978 2000 2015 2025 2046 2063 2080 2102 2112 2131 2153 2166 2189 2206 2222 2233 2251 2265 2285 2298 2315 2334 2347 2367 2387 2400 2410 2427 2442 2475 2489 2511 2528 2545 2563 2583 2604 2622 2634 2650 2671 2686
865 896 936 979 1001 1038 1057 1069 1092 1114 1135 1148 1167 1214 1231 1253 1264 1284 1297 1313 1326 1339 1358 1383 1406 1426 1437 1464 1482 1493 1508 1532 1547 1557 1584 1603 1623 1640 1651 1668 1679 1697 1710 1721 1750 1768 1784 1802 1820 1838 1849 1871 1884 1904 1926 1941 1952 1967 1998 2015 2027 2045 2064 2079 2100 2112 2128 2147 2163 2180 2199 2220 2235 2253 2265 2278 2303 2319 2332 2344 2363 2379 2405 2418 2429 2445 2458 2490 2507 2524 2547 2562 2574 2599 2617 2638 2656 2666 2691 2707
879 915 953 989 1018 1048 1074 1093 1110 1126 1154 1174 1187 1224 1241 1268 1286 1305 1318 1330 1350 1370 1380 1397 1425 1446 1462 1483 1498 1517 1532 1549 1561 1575 1598 1620 1635 1655 1666 1686 1701 1711 1728 1738 1767 1786 1796 1819 1839 1849 1859 1888 1904 1921 1936 1954 1965 1981 2018 2032 2045 2056 2078 2098 2114 2124 2141 2163 2179 2197 2214 2240 2252 2267 2282 2301 2322 2333 2353 2363 2381 2399 2421 2438 2457 2475 2487 2510 2522 2543 2560 2578 2588 2609 2630 2650 2671 2681 2704 2725
890 929 971 1006 1034 1067 1090 1103 1123 1136 1168 1186 1202 1239 1260 1278 1304 1324 1338 1348 1361 1383 1397 1407 1440 1459 1477 1502 1516 1537 1557 1568 1582 1600 1612 1636 1647 1665 1677 1696 1712 1726 1744 1759 1778 1797 1810 1839 1854 1873 1892 1909 1922 1937 1953 1967 1977 2001 2035 2048 2059 2070 2096 2108 2125 2145 2155 2180 2199 2212 2231 2254 2270 2290 2307 2324 2342 2354 2364 2374 2394 2415 2434 2458 2478 2496 2509 2525 2535 2557 2580 2591 2601 2625 2646 2661 2686 2705 2721 2738
905 948 988 1021 1050 1080 1100 1118 1139 1153 1188 1206 1223 1253 1280 1296 1320 1341 1357 1367 1381 1402 1417 1436 1459 1469 1493 1522 1535 1549 1568 1578 1592 1620 1634 1650 1660 1681 1698 1716 1733 1745 1755 1779 1792 1817 1827 1853 1869 1885 1910 1922 1932 1948 1966 1986 1996 2020 2054 2064 2075 2088 2108 2120 2145 2165 2185 2195 2216 2235 2245 2274 2284 2304 2318 2334 2352 2374 2386 2400 2420 2435 2453 2476 2492 2511 2521 2540 2550 2567 2590 2607 2622 2640 2664 2679 2700 2724 2734 2754
916 960 1001 1034 1068 1091 1113 1128 1155 1167 1207 1218 1237 1266 1297 1316 1333 1354 1374 1392 1402 1414 1430 1448 1474 1490 1512 1542 1562 1580 1590 1605 1620 1634 1651 1669 1679 1695 1708 1734 1752 1768 1780 1794 1810 1827 1839 1866 1879 1898 1927 1938 1953 1965 1983 2001 2016 2033 2073 2085 2102 2117 2137 2156 2166 2185 2198 2215 2234 2254 2272 2294 2309 2320 2337 2354 2364 2386 2398 2410 2434 2454 2474 2492 2510 2531 2544 2562 2582 2601 2619 2629 2642 2657 2677 2699 2712 2738 2754 2773
926 971 1011 1051 1078 1101 1126 1142 1167 1178 1217 1234 1250 1280 1307 1326 1346 1366 1384 1407 1426 1436 1447 1465 1484 1503 1522 1560 1572 1600 1619 1639 1649 1669 1679 1696 1710 1724 1741 1752 1762 1785 1800 1810 1824 1847 1860 1884 1894 1909 1940 1960 1974 1984 1997 2014 2026 2050 2091 2111 2127 2138 2152 2172 2183 2198 2217 2228 2246 2274 2285 2311 2324 2338 2352 2368 2386 2396 2411 2427 2454 2472 2485 2509 2524 2549 2565 2579 2601 2618 2638 2652 2668 2678 2692 2710 2732 2756 2767 2787
938 982 1023 1070 1089 1116 1138 1152 1187 1198 1234 1250 1260 1290 1325 1341 1359 1382 1402 1424 1442 1454 1466 1479 1495 1523 1536 1570 1589 1618 1636 1650 1664 1685 1696 1714 1732 1751 1770 1785 1795 1812 1829 1841 1857 1875 1894 1905 1923 1936 1959 1975 1986 1999 2009 2030 2050 2061 2107 2125 2141 2154 2164 2190 2209 2222 2239 2258 2273 2294 2312 2329 2345 2357 2376 2392 2402 2421 2434 2444 2471 2492 2510 2520 2542 2564 2583 2600 2619 2629 2651 2669 2689 2704 2715 2725 2750 2771 2786 2805
954 1001 1038 1085 1101 1133 1152 1162 1197 1214 1244 1261 1271 1309 1335 1360 1377 1395 1418 1438 1462 1482 1501 1513 1532 1552 1564 1586 1602 1633 1649 1662 1677 1698 1709 1734 1745 1764 1781 1798 1808 1827 1840 1854 1867 1888 1908 1926 1936 1949 1973 1985 2005 2016 2031 2049 2061 2081 2117 2142 2152 2169 2180 2207 2219 2235 2253 2273 2290 2304 2322 2341 2363 2374 2390 2408 2421 2434 2444 2454 2489 2506 2525 2541 2560 2582 2595 2617 2638 2657 2667 2679 2699 2717 2737 2749 2765 2786 2798 2815
973 1019 1050 1095 1114 1146 1165 1185 1217 1228 1261 1277 1297 1329 1352 1373 1396 1411 1438 1449 1477 1493 1516 1526 1546 1572 1586 1605 1615 1643 1662 1673 1693 1713 1725 1754 1767 1781 1795 1818 1828 1843 1857 1874 1888 1899 1928 1939 1953 1972 1983 2004 2015 2032 2043 2069 2079 2094 2137 2158 2171 2181 2196 2217 2236 2253 2268 2289 2300 2323 2337 2359 2375 2395 2415 2425 2436 2450 2467 2478 2507 2521 2542 2553 2570 2596 2615 2634 2648 2667 2680 2692 2719 2729 2754 2770 2783 2801 2817 2827
988 1038 1070 1110 1124 1156 1183 1195 1234 1247 1281 1291 1309 1341 1362 1384 1413 1430 1448 1460 1491 1508 1536 1551 1563 1584 1602 1615 1629 1658 1673 1683 1709 1727 1738 1767 1778 1793 1805 1832 1842 1862 1874 1884 1899 1912 1948 1962 1981 1996 2012 2026 2043 2054 2064 2086 2096 2112 2152 2175 2190 2204 2219 2239 2253 2273 2289 2307 2320 2338 2356 2369 2391 2413 2433 2445 2465 2480 2493 2505 2527 2546 2564 2579 2589 2615 2634 2654 2666 2684 2697 2707 2735 2747 2767 2780 2799 2815 2831 2850
1008 1048 1088 1121 1143 1174 1193 1212 1251 1266 1300 1313 1332 1354 1374 1399 1427 1449 1466 1481 1504 1528 1546 1567 1581 1594 1616 1631 1650 1674 1689 1700 1726 1747 1760 1784 1794 1810 1827 1846 1858 1873 1885 1896 1915 1925 1968 1978 1993 2015 2025 2045 2060 2071 2084 2101 2119 2139 2168 2188 2208 2226 2237 2256 2268 2290 2303 2326 2346 2360 2371 2386 2408 2432 2443 2463 2475 2491 2511 2526 2538 2561 2578 2599 2612 2627 2647 2667 2679 2698 2709 2720 2751 2769 2784 2804 2814 2830 2841 2864
1019 1066 1104 1141 1156 1194 1207 1223 1263 1282 1310 1325 1342 1372 1388 1413 1444 1461 1481 1491 1515 1548 1560 1584 1604 1622 1639 1655 1673 1688 1706 1726 1743 1757 1776 1803 1822 1835 1851 1862 1876 1888 1901 1917 1930 1948 1978 1989 2012 2027 2037 2064 2076 2086 2102 2118 2130 2152 2187 2205 2222 2245 2257 2275 2295 2313 2326 2344 2358 2380 2391 2406 2424 2446 2465 2484 2499 2517 2530 2541 2558 2573 2595 2616 2631 2642 2660 2686 2696 2709 2726 2740 2768 2788 2800 2819 2832 2849 2867 2877
1035 1085 1123 1153 1172 1205 1224 1234 1273 1297 1329 1339 1355 1386 1406 1423 1462 1475 1499 1512 1525 1561 1578 1603 1617 1640 1653 1672 1691 1707 1721 1743 1763 1779 1794 1813 1836 1848 1868 1887 1903 1921 1931 1946 1960 1970 1995 2011 2032 2043 2063 2074 2090 2108 2123 2139 2151 2162 2200 2224 2240 2255 2268 2295 2310 2323 2343 2356 2372 2395 2414 2427 2447 2457 2485 2495 2514 2533 2548 2561 2576 2591 2608 2630 2643 2653 2670 2697 2714 2725 2738 2752 2787 2803 2813 2830 2843 2865 2883 2893
1054 1098 1138 1173 1187 1218 1236 1247 1290 1312 1341 1351 1371 1402 1420 1436 1477 1496 1511 1530 1541 1579 1598 1619 1629 1651 1670 1690 1705 1719 1740 1753 1777 1791 1810 1823 1850 1865 1882 1904 1914 1939 1958 1975 1988 2005 2021 2032 2046 2059 2082 2098 2111 2121 2138 2149 2168 2186 2213 2241 2260 2272 2282 2314 2327 2342 2356 2371 2390 2415 2425 2444 2463 2476 2496 2507 2532 2550 2568 2583 2594 2609 2624 2647 2657 2671 2689 2715 2726 2738 2752 2766 2803 2814 2824 2845 2865 2878 2893 2913
1074 1109 1151 1190 1200 1228 1255 1268 1301 1332 1352 1367 1382 1422 1442 1459 1488 1506 1529 1549 1569 1590 1611 1630 1645 1663 1681 1709 1723 1735 1752 1770 1794 1810 1820 1837 1868 1878 1897 1922 1939 1958 1977 1997 2012 2023 2042 2057 2073 2087 2107 2118 2128 2141 2156 2166 2186 2204 2223 2253 2276 2290 2310 2332 2346 2358 2376 2387 2403 2425 2435 2458 2474 2494 2515 2525 2542 2560 2583 2600 2617 2629 2647 2658 2675 2688 2702 2725 2738 2757 2772 2790 2818 2832 2848 2864 2875 2898 2908 2925
1094 1122 1163 1206 1224 1246 1268 1283 1311 1345 1362 1377 1394 1441 1453 1476 1498 1522 1542 1563 1579 1609 1628 1646 1666 1684 1702 1719 1740 1753 1764 1782 1805 1822 1832 1848 1884 1894 1907 1938 1958 1968 1993 2012 2023 2037 2052 2070 2089 2104 2117 2128 2143 2153 2169 2179 2196 2222 2243 2272 2288 2309 2326 2347 2361 2372 2396 2413 2423 2439 2458 2471 2493 2512 2535 2545 2562 2577 2593 2615 2630 2643 2661 2674 2695 2714 2728 2738 2749 2776 2792 2810 2838 2851 2863 2877 2890 2918 2935 2949
1110 1141 1175 1220 1236 1259 1278 1300 1328 1357 1380 1396 1412 1454 1473 1494 1516 1536 1562 1578 1590 1627 1647 1657 1684 1702 1721 1739 1752 1763 1776 1802 1825 1835 1853 1872 1896 1914 1933 1949 1971 1987 2003 2031 2049 2059 2075 2095 2107 2127 2137 2150 2163 2175 2185 2196 2207 2237 2259 2282 2307 2329 2342 2366 2380 2391 2415 2425 2436 2455 2468 2486 2505 2528 2546 2565 2576 2588 2609 2633 2651 2661 2679 2698 2711 2725 2743 2754 2774 2790 2810 2822 2850 2870 2887 2899 2909 2933 2945 2962
1130 1151 1191 1239 1249 1269 1296 1316 1348 1367 1390 1416 1434 1464 1483 1506 1526 1556 1582 1593 1610 1639 1663 1676 1702 1713 1737 1755 1774 1785 1799 1817 1841 1853 1868 1887 1913 1929 1946 1966 1987 2006 2018 2044 2067 2080 2092 2111 2130 2140 2153 2164 2181 2200 2211 2223 2243 2260 2274 2295 2318 2347 2366 2376 2394 2408 2433 2452 2469 2488 2502 2521 2535 2549 2560 2575 2594 2607 2619 2650 2664 2677 2695 2712 2722 2737 2757 2777 2796 2806 2825 2844 2862 2890 2903 2913 2932 2943 2960 2981
1140 1161 1210 1249 1263 1284 1308 1332 1367 1377 1408 1434 1445 1474 1493 1516 1538 1569 1595 1606 1622 1650 1674 1687 1720 1731 1749 1768 1789 1799 1818 1829 1859 1873 1891 1905 1932 1947 1959 1984 2003 2022 2034 2056 2081 2093 2103 2124 2144 2154 2165 2179 2197 2210 2229 2239 2261 2276 2287 2310 2328 2360 2376 2391 2406 2419 2447 2465 2486 2507 2521 2534 2552 2567 2577 2596 2606 2622 2638 2669 2679 2695 2710 2730 2746 2765 2775 2791 2812 2829 2844 2863 2881 2907 2924 2936 2953 2967 2987 3002
1156 1181 1223 1265 1278 1298 1318 1343 1385 1395 1418 1452 1463 1494 1504 1533 1558 1579 1608 1620 1639 1669 1685 1698 1732 1750 1760 1784 1809 1820 1839 1858 1869 1883 1908 1918 1947 1961 1973 2000 2013 2037 2047 2067 2096 2112 2122 2134 2157 2174 2188 2199 2210 2220 2239 2254 2278 2297 2314 2332 2345 2372 2394 2404 2423 2434 2458 2485 2497 2526 2541 2558 2573 2592 2603 2613 2629 2645 2655 2684 2694 2708 2724 2747 2762 2775 2790 2805 2830 2845 2857 2876 2891 2920 2934 2952 2968 2986 3003 3013
1173 1192 1235 1275 1295 1308 1330 1363 1404 1422 1438 1470 1488 1507 1517 1549 1568 1591 1627 1637 1651 1688 1702 1712 1752 1763 1779 1799 1825 1839 1859 1874 1890 1900 1926 1946 1958 1972 1993 2016 2034 2057 2070 2089 2107 2124 2135 2147 2175 2188 2202 2215 2225 2240 2258 2274 2289 2316 2335 2353 2371 2389 2414 2424 2444 2464 2480 2505 2522 2540 2551 2568 2589 2605 2616 2631 2641 2657 2669 2697 2713 2732 2744 2760 2779 2791 2801 2823 2843 2864 2877 2888 2905 2940 2954 2967 2988 3005 3022 3038
1189 1203 1249 1294 1315 1329 1347 1382 1417 1441 1452 1490 1505 1521 1541 1563 1585 1605 1646 1659 1679 1705 1720 1740 1765 1775 1792 1814 1845 1858 1878 1895 1913 1927 1946 1956 1973 1992 2007 2034 2054 2075 2095 2108 2128 2147 2157 2175 2185 2207 2227 2245 2262 2280 2290 2303 2320 2332 2350 2368 2387 2404 2428 2446 2459 2474 2497 2515 2536 2551 2561 2584 2599 2623 2641 2655 2673 2683 2699 2713 2723 2750 2770 2782 2795 2812 2830 2846 2858 2879 2895 2908 2926 2950 2968 2987 3008 3025 3038 3058
1207 1219 1262 1309 1326 1341 1363 1402 1437 1457 1467 1509 1525 1537 1559 1573 1597 1615 1665 1682 1693 1715 1738 1756 1783 1800 1810 1829 1862 1877 1890 1905 1931 1948 1959 1978 1989 2002 2018 2049 2068 2085 2107 2119 2146 2162 2174 2194 2213 2224 2242 2262 2274 2299 2313 2323 2343 2355 2375 2385 2402 2421 2446 2459 2472 2489 2517 2529 2549 2569 2589 2607 2621 2642 2657 2667 2690 2710 2724 2742 2753 2766 2785 2800 2819 2832 2847 2860 2877 2898 2909 2921 2938 2964 2979 2997 3020 3043 3053 3074
1222 1240 1280 1329 1339 1357 1374 1415 1453 1470 1480 1524 1537 1551 1572 1589 1612 1632 1678 1701 1713 1734 1758 1776 1793 1816 1833 1850 1882 1901 1919 1934 1948 1968 1986 2001 2014 2030 2040 2065 2081 2098 2123 2141 2161 2178 2188 2204 2229 2239 2262 2274 2286 2313 2325 2342 2363 2378 2388 2406 2418 2440 2464 2483 2493 2508 2529 2547 2566 2580 2600 2627 2643 2663 2676 2695 2709 2721 2744 2754 2766 2784 2804 2816 2831 2848 2866 2885 2895 2916 2926 2939 2949 2978 2991 3007 3039 3059 3077 3087
1236 1256 1299 1345 1364 1374 1385 1435 1466 1483 1498 1538 1550 1565 1582 1608 1630 1647 1690 1715 1733 1748 1771 1791 1804 1830 1852 1866 1892 1914 1931 1944 1968 1981 1998 2014 2028 2045 2059 2084 2100 2114 2133 2158 2180 2198 2215 2233 2246 2261 2273 2287 2301 2329 2349 2366 2385 2401 2417 2433 2452 2467 2484 2501 2520 2540 2557 2568 2583 2603 2613 2646 2656 2673 2694 2705 2728 2739 2761 2781 2793 2805 2822 2837 2847 2861 2885 2904 2914 2935 2949 2967 2980 2997 3014 3029 3049 3078 3089 3104
1249 1266 1312 1362 1374 1392 1406 1451 1485 1495 1509 1556 1566 1580 1595 1621 1642 1659 1703 1733 1751 1761 1784 1802 1814 1840 1868 1887 1912 1927 1950 1968 1978 1999 2019 2029 2045 2056 2078 2101 2111 2127 2147 2168 2195 2212 2228 2246 2262 2279 2289 2302 2312 2344 2363 2378 2402 2418 2435 2453 2470 2481 2504 2519 2534 2555 2572 2590 2605 2624 2639 2658 2671 2687 2706 2725 2745 2757 2778 2800 2815 2833 2844 2858 2876 2895 2909 2919 2931 2950 2963 2977 2995 3017 3029 3046 3065 3097 3114 3131
1266 1279 1332 1373 1388 1409 1420 1462 1498 1517 1535 1573 1591 1610 1623 1635 1661 1673 1718 1753 1771 1786 1802 1818 1828 1852 1883 1904 1927 1937 1968 1978 1989 2019 2037 2053 2068 2084 2095 2117 2127 2145 2167 2182 2213 2228 2245 2264 2282 2297 2314 2329 2340 2364 2376 2389 2419 2436 2455 2469 2482 2498 2517 2539 2549 2568 2582 2604 2617 2642 2655 2675 2693 2710 2729 2743 2758 2777 2798 2816 2836 2856 2870 2886 2900 2911 2928 2948 2959 2978 2997 3013 3023 3040 3059 3077 3094 3116 3127 3141
1276 1296 1343 1386 1402 1422 1438 1480 1511 1535 1546 1593 1603 1630 1650 1669 1683 1703 1731 1770 1781 1806 1818 1832 1842 1868 1895 1918 1946 1960 1979 1992 2006 2029 2047 2068 2086 2097 2109 2131 2148 2159 2177 2201 2230 2240 2258 2275 2301 2318 2335 2350 2364 2379 2394 2406 2429 2450 2467 2483 2503 2521 2537 2555 2570 2590 2601 2618 2638 2662 2673 2694 2714 2725 2746 2759 2773 2796 2814 2835 2846 2873 2891 2910 2922 2936 2955 2971 2983 3001 3012 3029 3044 3055 3070 3094 3109 3136 3153 3165
1293 1306 1359 1405 1423 1438 1448 1491 1528 1551 1569 1608 1620 1643 1670 1688 1702 1723 1741 1780 1793 1823 1835 1851 1868 1885 1907 1936 1966 1985 1997 2008 2028 2042 2065 2078 2099 2113 2132 2147 2166 2178 2189 2215 2247 2266 2282 2294 2316 2332 2353 2370 2381 2391 2409 2421 2440 2470 2484 2496 2513 2533 2557 2567 2585 2610 2627 2643 2654 2681 2695 2709 2728 2743 2756 2772 2787 2816 2829 2855 2875 2886 2911 2925 2937 2948 2975 2986 3005 3024 3034 3053 3071 3082 3096 3106 3125 3146 3168 3178
1313 1328 1375 1416 1440 1450 1464 1507 1541 1565 1587 1621 1636 1660 1683 1708 1724 1739 1758 1794 1806 1836 1846 1861 1884 1903 1927 1953 1985 1995 2008 2026 2044 2061 2085 2105 2121 2140 2155 2173 2191 2203 2218 2229 2258 2277 2298 2315 2330 2350 2364 2385 2401 2416 2434 2452 2471 2486 2503 2516 2529 2548 2568 2580 2600 2620 2638 2656 2670 2698 2709 2720 2743 2763 2781 2792 2808 2832 2849 2867 2893 2913 2927 2940 2954 2968 2987 3005 3019 3041 3053 3073 3091 3101 3114 3127 3137 3161 3179 3189
1333 1347 1387 1430 1453 1468 1485 1523 1552 1578 1607 1634 1649 1677 1693 1718 1734 1749 1768 1811 1830 1846 1857 1879 1904 1914 1937 1965 1995 2015 2028 2040 2054 2078 2105 2124 2144 2159 2178 2189 2208 2222 2241 2254 2278 2295 2314 2335 2355 2370 2382 2405 2419 2434 2444 2469 2482 2499 2514 2534 2547 2568 2583 2596 2613 2639 2649 2667 2685 2708 2729 2746 2757 2773 2791 2802 2820 2850 2868 2878 2910 2933 2953 2966 2976 2987 3005 3022 3037 3051 3067 3089 3104 3119 3137 3155 3173 3189 3199 3218
1350 1361 1401 1445 1464 1486 1501 1541 1562 1596 1627 1650 1664 1687 1705 1733 1744 1759 1781 1830 1849 1867 1877 1899 1918 1929 1954 1981 2012 2029 2049 2068 2082 2092 2123 2143 2160 2179 2196 2211 2222 2235 2259 2279 2293 2308 2327 2345 2373 2386 2405 2423 2439 2454 2464 2480 2497 2518 2532 2554 2574 2585 2595 2609 2627 2659 2676 2690 2709 2720 2743 2766 2783 2803 2823 2843 2858 2876 2894 2905 2928 2950 2971 2981 2997 3017 3035 3045 3055 3067 3087 3101 3117 3132 3150 3175 3193 3209 3224 3241
1363 1373 1412 1455 1478 1496 1518 1556 1575 1612 1645 1663 1682 1698 1721 1746 1758 1776 1793 1846 1866 1881 1901 1917 1931 1942 1972 2000 2031 2050 2063 2078 2095 2110 2141 2159 2173 2199 2209 2223 2236 2254 2272 2297 2312 2324 2346 2363 2388 2400 2416 2437 2458 2472 2485 2505 2515 2528 2545 2570 2590 2607 2617 2627 2644 2673 2689 2703 2726 2744 2764 2776 2799 2817 2837 2863 2874 2889 2914 2930 2940 2969 2984 3004 3018 3038 3049 3059 3074 3087 3107 3117 3129 3142 3160 3187 3205 3226 3237 3255
1373 1385 1432 1465 1496 1514 1529 1569 1592 1632 1664 1679 1692 1712 1736 1765 1780 1791 1806 1857 1876 1892 1918 1928 1948 1960 1990 2016 2042 2068 2080 2099 2112 2129 2154 2172 2183 2217 2233 2250 2265 2277 2296 2307 2324 2343 2356 2374 2406 2424 2435 2453 2472 2482 2497 2517 2531 2551 2569 2589 2607 2621 2633 2647 2667 2685 2699 2723 2742 2763 2780 2794 2815 2835 2856 2880 2899 2919 2935 2945 2961 2986 2997 3014 3030 3049 3068 3083 3102 3118 3134 3152 3167 3186 3205 3215 3233 3243 3261 3274
1389 1403 1444 1476 1512 1529 1542 1579 1611 1644 1678 1690 1707 1725 1747 1782 1792 1812 1824 1873 1892 1912 1934 1947 1958 1975 2004 2031 2057 2087 2098 2118 2133 2149 2166 2182 2199 2234 2248 2270 2282 2295 2308 2328 2340 2361 2377 2391 2425 2442 2452 2470 2492 2512 2524 2536 2550 2570 2580 2603 2627 2637 2650 2668 2688 2698 2717 2743 2755 2775 2799 2812 2830 2847 2876 2896 2915 2935 2945 2964 2978 3000 3010 3029 3041 3066 3079 3094 3115 3131 3147 3171 3183 3204 3215 3231 3245 3263 3281 3295
1400 1416 1464 1490 1522 1539 1562 1589 1621 1654 1691 1703 1722 1737 1762 1800 1817 1829 1841 1889 1902 1929 1952 1972 1989 2008 2020 2046 2072 2105 2123 2135 2145 2161 2181 2198 2209 2248 2261 2290 2306 2321 2341 2359 2379 2392 2408 2422 2435 2461 2472 2483 2505 2525 2545 2563 2581 2595 2605 2620 2643 2653 2671 2690 2705 2721 2731 2755 2774 2785 2809 2829 2843 2861 2887 2910 2934 2945 2958 2982 2992 3011 3022 3046 3062 3083 3100 3119 3130 3142 3165 3190 3207 3224 3243 3257 3271 3285 3304 3314
1413 1426 1481 1502 1539 1557 1573 1599 1635 1664 1703 1718 1739 1758 1777 1814 1836 1851 1861 1908 1920 1944 1972 1990 2009 2023 2034 2059 2089 2123 2142 2157 2177 2187 2206 2220 2240 2268 2284 2302 2326 2337 2357 2371 2397 2416 2434 2453 2472 2489 2505 2522 2536 2553 2571 2590 2603 2622 2635 2654 2671 2682 2695 2706 2723 2736 2753 2772 2793 2813 2824 2839 2859 2872 2905 2927 2950 2962 2977 3000 3018 3034 3046 3056 3081 3094 3113 3132 3143 3160 3184 3202 3227 3242 3260 3270 3281 3305 3315 3332
1423 1441 1500 1517 1552 1568 1583 1609 1653 1675 1713 1728 1754 1772 1793 1824 1847 1870 1889 1922 1933 1956 1982 2000 2023 2040 2053 2069 2103 2137 2152 2169 2193 2210 2221 2231 2250 2287 2302 2320 2343 2363 2382 2396 2415 2436 2446 2472 2486 2504 2524 2535 2552 2569 2581 2605 2624 2642 2661 2679 2693 2713 2731 2749 2767 2779 2789 2800 2816 2836 2852 2869 2889 2901 2924 2937 2962 2976 2996 3010 3032 3054 3070 3089 3100 3114 3133 3147 3160 3177 3201 3217 3237 3252 3280 3296 3313 3327 3341 3361
1436 1453 1515 1533 1572 1582 1603 1621 1665 1690 1723 1744 1766 1789 1810 1837 1866 1880 1901 1940 1960 1974 1998 2010 2041 2061 2072 2092 2115 2149 2164 2181 2207 2220 2234 2244 2266 2305 2316 2333 2359 2383 2400 2414 2434 2452 2469 2491 2511 2525 2539 2559 2570 2580 2599 2615 2634 2654 2674 2693 2709 2731 2745 2760 2777 2790 2800 2815 2826 2854 2870 2889 2908 2920 2938 2954 2977 2996 3006 3020 3044 3064 3080 3107 3119 3134 3152 3171 3183 3193 3213 3234 3247 3262 3293 3307 3332 3347 3363 3382
1446 1469 1527 1547 1582 1598 1615 1634 1677 1709 1738 1763 1776 1799 1821 1847 1882 1895 1919 1954 1980 1991 2016 2034 2056 2079 2092 2108 2134 2167 2179 2194 2217 2230 2250 2267 2277 2317 2332 2344 2379 2397 2418 2432 2454 2474 2484 2508 2528 2542 2559 2572 2588 2600 2615 2631 2653 2673 2684 2708 2719 2747 2762 2778 2791 2802 2820 2836 2849 2873 2884 2903 2920 2936 2948 2969 2994 3013 3027 3042 3061 3080 3092 3124 3139 3151 3165 3187 3202 3222 3234 3249 3261 3274 3307 3323 3347 3360 3381 3393
1463 1479 1545 1561 1593 1611 1628 1652 1696 1719 1756 1773 1786 1810 1833 1857 1893 1913 1930 1969 1999 2017 2027 2052 2069 2095 2110 2127 2147 2179 2193 2208 2236 2252 2264 2278 2298 2337 2354 2367 2396 2415 2432 2452 2464 2486 2496 2519 2542 2562 2576 2587 2605 2620 2631 2647 2663 2688 2708 2718 2729 2767 2777 2798 2812 2828 2838 2857 2868 2888 2907 2925 2935 2955 2970 2984 3007 3025 3044 3056 3072 3092 3109 3136 3154 3166 3186 3202 3212 3236 3252 3265 3279 3293 3323 3341 3359 3374 3391 3413
1482 1497 1562 1581 1605 1623 1638 1667 1708 1733 1776 1789 1805 1830 1852 1868 1911 1932 1947 1989 2010 2034 2054 2067 2083 2106 2128 2142 2163 2189 2205 2225 2253 2263 2281 2300 2319 2347 2370 2380 2412 2432 2442 2464 2479 2505 2517 2532 2558 2580 2595 2614 2630 2643 2657 2671 2688 2701 2718 2729 2746 2781 2793 2816 2833 2851 2866 2877 2893 2906 2927 2940 2959 2977 2992 3008 3021 3042 3055 3076 3087 3107 3119 3146 3164 3180 3200 3220 3237 3253 3269 3285 3301 3316 3333 3356 3372 3385 3402 3426
