70 5 11 16
0 2 3 4 7 10 11 12 15 17 20 21 23 25 27 29 31 33 36 38 40 41 42 45 46 49 50 52 55 58 60 61 63 64 67 69 70 73 74 75 78 79 80 81 84 85 87 88 90 91 94 97 98 100 102 103 105 108 111 113 114 116 117 120 123 125 126 129 131 134
2 3 6 7 8 11 14 15 16 18 21 22 24 26 30 33 35 38 41 44 45 48 51 54 55 58 60 63 66 68 71 72 73 74 76 79 82 83 84 87 89 92 95 98 100 101 102 104 107 108 110 113 115 118 121 122 123 124 125 126 128 129 131 133 134 135 137 139 142 145
4 7 9 11 14 16 18 20 22 25 27 29 31 33 36 38 40 42 43 46 47 49 52 56 59 60 62 64 67 71 72 75 78 81 84 85 86 87 88 89 90 93 96 100 102 105 108 109 112 115 116 118 119 122 124 127 128 129 131 134 137 140 143 145 147 150 151 152 155 156
7 9 12 13 15 18 21 23 26 27 30 31 33 35 37 39 41 44 47 49 52 53 55 58 61 63 65 66 70 73 74 76 79 84 85 86 89 90 91 92 93 94 97 102 104 107 111 112 113 117 118 120 122 123 126 128 131 132 133 137 140 141 144 146 148 153 154 156 158 160
8 12 15 18 20 21 22 25 27 29 32 35 36 37 40 41 44 46 50 51 55 57 58 61 62 66 67 68 73 74 75 78 81 85 86 88 90 91 93 94 97 100 101 103 106 108 112 115 117 119 122 123 126 129 130 132 133 135 136 138 143 146 147 150 153 155 158 159 160 161
10 15 18 20 22 24 25 28 31 32 35 36 39 41 42 43 47 49 51 54 56 58 59 62 63 69 72 73 74 76 78 79 84 86 89 92 94 96 97 98 100 101 104 106 107 110 113 118 119 122 123 124 127 132 133 136 139 141 143 144 145 149 150 152 156 158 161 162 163 166
11 16 19 22 24 25 27 29 34 35 36 38 40 43 45 46 50 53 55 58 60 63 66 69 72 75 76 77 78 80 81 83 85 88 92 93 95 97 98 101 104 105 107 108 109 113 116 121 124 126 129 132 135 136 139 140 141 142 146 149 152 155 157 160 161 162 163 165 167 168
14 17 20 24 26 28 30 31 35 36 37 39 41 44 47 48 52 55 58 60 61 64 69 72 73 76 78 80 81 84 87 89 92 95 96 98 100 101 104 105 106 109 110 111 112 114 117 124 125 129 131 133 138 140 141 144 145 146 148 150 153 156 160 161 162 163 164 166 169 171
15 19 22 27 28 30 31 34 38 39 41 44 47 50 51 52 53 57 61 64 66 68 70 73 75 79 82 83 85 86 88 92 95 96 99 100 103 106 107 109 110 112 114 116 118 120 122 125 126 130 132 134 141 143 145 146 147 148 151 152 154 158 161 163 164 166 169 170 173 174
18 20 23 28 30 33 36 37 39 42 43 45 48 51 53 54 57 60 64 65 67 70 73 76 77 80 84 86 88 90 91 94 96 97 101 102 104 107 109 111 114 116 118 119 121 122 125 127 129 131 135 136 144 145 148 149 150 151 152 153 157 161 162 164 165 167 170 172 174 175
21 22 25 30 32 36 39 40 42 43 44 48 49 54 55 56 59 62 65 66 68 73 76 78 80 82 85 89 92 93 94 95 98 99 104 107 110 113 115 118 121 123 125 127 129 131 132 133 135 136 138 141 145 146 149 152 153 154 156 158 160 163 164 166 167 170 173 174 175 177
23 24 27 33 35 38 41 44 47 48 51 54 57 58 61 63 64 65 68 69 72 76 77 81 82 84 88 91 95 98 99 100 102 105 108 109 112 115 116 119 123 125 128 131 132 133 136 139 142 143 145 147 148 150 153 155 158 159 161 162 163 164 165 168 169 171 174 175 176 179
24 25 29 36 37 40 42 45 48 49 53 57 58 59 64 67 69 70 72 73 76 77 80 83 85 86 91 92 97 100 103 104 107 108 111 112 115 116 119 121 126 127 130 134 135 137 139 140 144 146 148 149 150 152 154 157 159 161 163 164 165 166 167 170 171 173 177 178 179 182
25 26 31 39 41 43 45 46 50 52 54 59 61 63 65 69 71 74 77 80 81 84 85 87 90 92 95 96 99 101 104 106 110 111 113 116 117 120 123 126 127 130 132 137 139 141 143 144 145 147 150 153 156 157 160 163 164 165 166 169 170 172 174 177 179 180 181 182 185 188
27 28 34 41 44 47 48 49 52 55 56 60 63 64 66 70 74 77 79 82 84 85 86 88 92 93 97 98 100 102 105 107 111 112 116 117 118 123 124 129 132 133 134 139 141 142 144 147 149 151 153 156 158 159 161 166 169 170 173 174 175 178 181 183 184 187 190 191 193 195
30 32 37 44 47 48 49 52 53 56 58 61 65 67 68 71 77 78 82 83 86 89 90 93 94 96 100 101 102 105 108 109 113 115 117 120 122 125 126 132 135 136 137 140 143 144 145 148 152 153 154 159 162 163 165 168 170 173 175 178 179 182 185 188 191 193 195 196 197 198
33 35 40 46 48 49 52 55 58 59 60 63 66 68 69 72 78 79 83 85 87 90 91 95 98 100 102 105 107 109 110 111 116 117 120 121 124 128 131 134 136 137 139 141 145 146 147 150 153 155 158 161 165 168 171 172 173 174 177 181 182 183 186 189 194 195 196 198 201 204
35 36 43 48 51 53 55 58 59 61 63 64 69 70 73 75 79 80 86 89 92 94 97 100 103 105 108 110 113 114 117 118 119 121 122 125 127 130 132 135 138 140 143 144 148 150 153 156 159 160 162 163 166 169 173 176 177 179 181 184 186 188 191 192 197 200 201 202 203 205
36 37 46 49 52 56 57 60 62 63 66 67 71 74 75 76 80 83 87 90 94 95 100 102 104 106 111 113 114 117 118 119 122 124 127 129 132 133 136 137 141 144 145 147 151 154 156 158 162 163 166 167 169 172 174 178 179 181 184 187 190 193 194 197 198 201 204 207 208 209
39 42 47 52 53 57 58 61 63 64 68 69 72 76 79 81 82 85 89 92 96 97 101 103 107 110 114 117 120 121 123 124 126 129 131 133 134 135 139 140 143 145 146 149 153 157 158 161 164 165 168 170 171 175 177 181 184 186 187 189 192 195 196 199 200 204 205 209 210 211
42 44 48 55 56 59 61 64 66 67 70 71 73 77 80 83 85 86 91 94 97 99 102 106 109 111 116 119 121 124 127 128 130 131 132 135 137 139 140 143 145 146 149 151 154 158 159 162 167 168 169 172 175 178 179 183 185 187 188 190 194 197 198 200 201 205 206 212 215 218
43 47 50 56 58 60 62 67 69 70 71 72 74 80 82 84 88 91 92 97 100 102 103 108 111 114 119 121 123 127 128 130 133 135 138 139 142 143 145 147 149 150 151 152 156 159 160 163 168 171 172 175 178 180 183 184 187 188 191 194 197 199 202 204 205 208 209 213 217 221
46 49 52 58 61 63 64 68 70 73 74 75 76 82 85 86 89 92 94 100 101 105 107 110 114 117 121 122 126 130 132 133 135 136 139 140 145 147 148 149 152 153 154 155 157 161 164 166 170 174 177 178 179 182 186 187 189 192 195 197 198 201 204 206 207 211 213 214 220 223
49 50 55 61 63 64 67 71 74 76 79 82 83 86 88 91 93 94 96 103 105 107 108 112 115 118 123 124 128 133 136 138 139 141 143 145 146 150 151 152 154 155 157 160 162 165 168 170 173 175 178 180 181 183 187 188 192 194 198 201 204 206 209 210 211 214 215 218 221 226
50 53 56 63 64 65 68 73 76 78 81 84 87 88 89 94 95 98 99 106 109 112 113 115 118 121 124 127 131 135 137 141 144 147 149 151 154 155 157 160 161 164 167 168 171 173 174 177 178 181 182 184 187 190 191 193 194 196 200 204 206 207 212 213 214 217 218 221 222 229
53 54 59 66 69 71 72 74 78 81 84 85 88 89 90 97 100 101 102 107 112 113 114 116 120 123 125 129 133 136 138 144 145 150 152 153 157 158 161 162 164 167 168 171 172 176 179 181 183 184 185 187 188 193 196 198 201 204 206 209 212 214 217 219 221 222 223 224 225 231
54 57 62 68 70 73 75 77 79 82 86 87 90 92 93 98 101 102 104 108 113 116 117 119 123 126 127 131 136 138 139 146 148 151 153 155 158 161 164 165 168 169 170 172 173 177 180 182 185 186 187 189 190 194 197 201 202 207 208 212 213 217 219 221 224 226 228 231 232 233
57 58 64 71 73 74 76 78 80 83 88 90 93 95 96 99 103 106 109 112 116 117 119 121 126 127 130 134 139 141 142 147 151 154 156 157 159 164 166 169 171 173 174 176 177 178 183 184 186 187 188 192 195 196 200 202 205 210 211 214 216 220 223 225 227 228 231 232 235 238
58 59 65 72 75 76 77 81 84 85 90 93 94 98 100 101 106 107 110 113 119 120 121 123 129 130 132 136 140 144 145 150 152 156 157 158 160 165 169 170 172 175 177 178 179 182 185 186 187 188 190 194 197 198 203 206 208 213 215 216 218 222 224 226 228 229 234 236 237 241
60 63 68 74 77 79 80 83 86 87 92 96 97 100 101 102 107 110 111 116 120 123 124 125 131 133 136 138 143 147 148 152 154 158 160 162 165 166 172 175 176 178 181 184 186 187 189 192 194 197 199 200 201 202 206 208 209 216 219 220 223 226 227 228 229 232 236 238 241 243
63 64 69 75 78 80 83 86 87 89 95 98 99 103 105 106 108 111 114 119 122 124 125 128 132 135 139 141 144 148 149 155 158 161 163 165 167 168 175 176 178 180 184 186 188 189 192 195 197 200 203 205 207 209 210 212 214 217 220 221 226 227 228 230 231 235 239 241 243 245
66 69 70 76 79 83 84 87 89 92 97 100 103 106 107 109 111 114 117 122 125 128 129 131 133 138 140 144 147 151 152 156 159 162 165 168 169 171 176 177 181 183 187 189 191 192 194 198 200 201 206 209 211 212 215 217 219 220 221 223 228 231 233 234 237 238 240 243 244 248
69 70 72 79 81 84 87 88 91 93 99 101 104 109 111 114 117 118 119 123 126 129 131 133 135 140 141 147 149 152 153 157 162 163 168 169 172 173 178 181 183 186 190 191 194 196 199 200 203 205 208 212 213 216 219 222 224 227 230 231 233 235 237 240 241 244 247 249 252 254
71 73 76 81 82 85 90 91 93 94 100 102 105 111 112 115 119 122 123 124 127 131 132 134 137 143 145 149 152 155 157 158 164 165 169 171 175 178 180 183 184 189 191 194 197 198 202 203 205 208 211 215 216 219 222 224 227 229 233 234 235 237 240 243 244 245 249 252 254 256
72 74 78 82 83 86 91 94 96 97 102 104 106 112 113 118 122 125 127 130 131 133 134 137 139 144 148 150 155 157 158 159 167 168 172 175 176 180 183 184 187 192 194 197 199 201 204 205 206 209 213 218 219 221 224 226 228 232 234 237 239 240 241 244 246 248 250 253 255 257
74 76 81 85 86 87 94 95 98 100 103 106 109 114 115 121 124 127 129 131 133 135 137 139 141 146 151 152 156 159 162 165 169 172 173 176 178 181 186 187 189 193 197 199 202 204 206 207 210 212 214 220 221 223 225 229 230 233 236 238 242 245 247 248 250 253 256 257 259 262
77 79 83 86 89 91 97 99 102 103 105 108 112 115 118 122 126 128 132 133 134 136 140 143 144 149 153 154 157 160 165 167 171 174 177 180 183 185 187 190 191 196 200 201 203 207 209 210 213 214 217 221 223 226 229 230 233 234 239 240 244 246 250 251 252 254 259 260 263 264
80 81 85 87 90 93 99 101 103 104 107 109 113 116 119 123 129 132 133 136 137 138 142 145 147 152 155 156 159 161 166 170 172 175 179 181 185 188 189 191 192 198 203 205 206 208 212 215 218 221 223 224 226 228 232 233 234 236 242 245 246 249 252 254 255 258 262 263 266 267
81 83 86 88 93 95 102 105 106 107 109 111 114 118 121 124 132 134 136 138 140 142 143 148 149 155 156 157 161 164 168 172 175 176 180 182 186 191 194 196 198 199 205 207 208 210 213 218 221 222 224 226 228 231 234 236 237 239 245 247 250 251 253 257 259 261 265 268 269 270
82 85 89 90 96 98 105 106 107 108 110 113 115 119 122 127 134 137 138 140 143 144 146 150 151 158 161 162 165 166 171 173 177 180 182 185 188 192 195 199 200 202 206 210 212 214 215 220 223 224 225 227 231 232 235 239 241 242 247 249 252 255 257 260 262 263 267 270 271 272
85 87 90 92 99 102 108 109 111 112 113 114 117 121 123 129 137 140 143 145 148 149 151 152 153 161 163 164 166 169 173 176 178 181 183 186 190 195 197 202 205 208 210 213 216 219 221 223 225 226 228 230 234 236 238 242 243 245 250 251 255 256 258 263 266 269 270 273 274 277
86 88 92 94 101 105 109 110 112 115 117 120 123 125 128 130 138 143 144 147 150 153 155 156 158 164 165 168 169 170 174 177 179 182 184 187 193 198 199 205 206 210 211 216 218 222 224 226 227 229 230 232 236 239 240 243 246 249 253 256 257 260 262 266 268 271 274 276 277 278
87 91 93 96 104 108 111 112 115 116 118 122 126 128 130 131 139 144 147 148 153 155 158 159 160 165 168 169 171 173 175 178 180 183 185 188 196 200 202 207 209 212 213 218 221 223 226 229 230 232 234 236 237 241 244 245 247 252 254 259 261 262 265 268 271 273 276 277 279 280
88 92 94 98 105 110 113 115 116 119 122 124 129 130 132 134 140 145 149 150 155 158 160 162 163 167 171 174 176 178 181 183 186 189 190 192 197 201 203 208 211 215 216 220 222 226 227 230 232 233 237 238 241 243 246 248 249 254 257 260 264 265 267 269 273 275 278 279 280 281
89 95 96 99 106 113 116 117 118 122 125 126 130 131 133 135 142 146 152 154 158 160 163 166 167 170 173 175 178 181 183 184 187 190 191 193 200 203 206 209 212 218 220 223 225 229 231 232 233 234 239 241 244 245 249 251 254 256 260 261 266 268 271 272 275 276 279 280 282 285
90 97 98 102 109 115 118 121 124 125 127 128 132 133 134 136 143 148 154 156 161 164 165 168 169 171 176 179 182 184 186 189 191 193 196 197 203 206 207 210 215 221 223 226 227 230 233 236 239 241 242 243 247 249 252 253 257 259 262 265 269 270 272 274 276 279 280 281 284 287
93 99 102 103 112 116 121 123 125 126 129 131 133 134 135 137 144 149 155 157 164 166 167 169 170 172 178 182 184 185 188 192 193 194 198 200 205 207 210 211 217 223 226 229 230 231 236 239 240 242 245 246 248 252 253 255 259 260 264 267 270 273 274 275 277 282 285 286 289 290
96 101 103 105 113 119 124 127 128 129 131 133 134 137 140 141 147 150 158 159 167 168 171 173 174 175 181 183 185 188 190 195 196 198 199 202 207 209 212 213 219 225 227 230 233 234 239 241 242 244 248 251 252 254 255 256 260 263 265 270 271 275 277 280 283 286 287 290 293 296
99 103 105 107 114 122 127 130 133 134 135 138 140 142 145 146 148 151 161 164 168 169 172 174 175 177 183 184 187 191 194 196 198 201 202 205 210 211 214 217 221 227 228 231 234 237 241 242 243 247 251 254 257 259 260 262 264 266 268 271 273 277 278 283 284 287 289 293 295 299
100 106 107 109 116 124 130 131 136 139 142 143 145 147 148 149 151 154 163 167 169 171 175 178 179 182 186 188 189 192 195 197 200 204 205 208 211 213 216 220 222 228 231 233 235 238 243 244 247 248 253 256 258 262 264 265 266 269 271 272 275 278 279 286 288 289 290 294 297 301
101 107 110 113 119 125 131 133 139 141 144 147 148 149 150 151 152 157 164 168 170 173 177 181 184 187 188 191 193 194 198 199 201 206 208 209 212 216 219 221 224 229 232 236 239 242 244 245 249 251 255 257 261 265 266 268 270 273 275 276 279 280 282 287 289 291 294 295 298 303
104 109 113 115 122 128 134 136 140 144 145 149 150 153 155 156 159 161 167 170 171 176 178 184 186 188 189 192 194 195 200 202 203 208 209 211 213 217 222 223 225 231 233 238 241 244 246 247 251 253 258 261 262 266 269 272 275 278 281 282 283 285 286 288 290 292 297 300 302 304
107 112 114 116 125 130 136 138 141 147 149 151 152 154 158 159 162 163 168 172 173 177 179 186 189 190 191 195 198 199 202 204 206 211 212 215 217 219 224 225 226 233 236 241 244 246 248 250 254 257 260 263 264 267 271 273 276 280 284 285 286 287 288 289 292 294 298 302 303 306
110 114 115 117 126 133 137 139 143 149 152 153 155 156 159 162 164 165 170 175 176 180 181 187 190 191 193 198 199 200 203 205 207 213 216 218 220 222 225 226 227 235 238 244 246 248 251 253 255 259 263 265 267 270 272 274 279 281 286 288 290 291 293 294 297 298 299 305 306 307
113 117 120 122 128 135 140 141 146 152 154 155 157 158 160 164 166 168 171 176 177 183 186 189 191 192 195 201 202 204 206 209 211 216 217 219 222 224 227 230 233 236 241 245 249 251 254 255 256 260 266 267 269 273 274 277 282 283 288 289 291 293 294 296 299 301 303 308 309 312
114 118 123 125 131 136 141 142 148 153 157 159 160 163 164 165 169 172 175 177 178 184 189 190 192 195 197 203 206 207 208 210 212 217 220 221 223 225 228 233 235 238 243 248 250 253 257 258 259 261 267 268 270 274 277 278 285 288 289 290 292 296 297 299 302 304 307 310 311 313
115 121 124 126 134 139 143 146 149 156 160 163 164 165 167 170 171 173 176 179 180 186 190 192 193 196 199 204 208 209 210 211 214 219 223 226 229 231 232 235 237 239 245 250 253 256 259 262 264 267 268 271 272 276 280 281 288 290 293 295 296 298 299 302 303 306 308 312 315 316
118 123 127 130 135 142 146 149 151 157 163 166 168 169 171 174 175 176 178 182 185 188 191 195 197 200 202 207 210 212 214 216 219 222 226 227 231 232 233 236 238 240 248 251 254 257 262 263 267 270 271 274 276 279 283 286 290 292 295 298 301 303 306 307 309 311 314 317 319 322
119 125 129 131 136 143 148 150 152 159 165 167 169 170 172 175 177 178 179 185 188 190 193 196 198 201 205 208 212 214 216 219 220 223 227 230 232 235 237 239 241 242 249 252 255 260 264 267 270 272 273 277 279 281 284 288 291 294 297 301 303 304 307 309 310 314 315 318 322 325
121 127 131 132 139 145 151 154 156 162 168 171 173 176 179 180 182 184 186 188 190 191 194 197 200 203 206 211 213 217 220 223 225 226 228 231 234 238 241 244 246 247 250 254 256 263 267 270 271 273 276 278 280 284 286 289 292 295 300 304 305 308 309 311 314 317 319 321 324 327
124 130 132 135 140 148 153 155 157 163 170 172 176 177 182 183 186 188 190 191 192 193 196 199 202 206 207 212 216 220 223 226 227 230 231 233 237 241 242 247 249 250 252 255 258 264 270 273 274 275 277 279 282 285 288 292 294 296 303 307 308 309 310 313 316 320 322 325 327 330
125 132 135 136 142 151 156 159 162 164 173 174 179 182 184 185 188 191 192 193 194 195 199 200 204 209 211 214 217 222 225 227 229 233 236 238 241 243 245 249 250 253 255 257 259 266 273 274 275 278 279 280 283 288 291 294 295 299 306 309 312 313 314 316 319 321 324 326 329 332
126 133 137 138 145 152 159 161 165 168 174 176 182 184 187 188 190 194 196 199 201 203 206 209 212 215 218 221 224 225 227 228 231 236 237 240 242 244 247 251 253 254 258 259 260 268 274 277 278 281 284 285 286 291 292 295 298 302 309 310 314 315 318 319 322 323 326 328 331 333
129 135 140 142 146 155 160 164 166 169 176 177 185 188 189 192 194 197 200 202 203 206 209 210 213 216 219 224 226 229 232 233 235 239 240 243 245 246 249 253 256 257 260 261 262 269 277 280 282 285 286 288 289 294 295 298 301 304 310 311 315 316 320 321 325 328 331 334 337 339
131 138 141 145 147 158 161 165 169 170 179 180 186 189 191 195 196 199 201 204 206 209 211 214 215 217 221 227 230 233 236 238 239 242 244 247 248 249 250 254 259 261 262 265 266 270 279 282 283 288 290 292 294 297 299 300 302 305 312 313 316 318 321 323 328 329 334 335 340 341
132 140 143 147 148 159 164 167 172 173 180 183 189 190 192 196 197 202 205 208 211 214 215 216 218 219 224 228 232 235 239 240 243 244 245 249 252 255 256 259 262 263 266 267 269 271 281 284 286 289 291 295 296 300 301 302 303 308 314 317 319 322 323 326 329 332 336 337 341 342
133 143 144 148 149 162 165 170 175 176 182 184 190 193 196 198 200 203 208 209 212 215 217 218 221 222 225 231 235 236 242 245 246 247 249 250 253 256 258 261 265 268 270 271 272 275 283 285 287 290 292 298 299 303 304 306 308 310 317 319 322 323 325 329 331 335 337 340 344 346
134 145 147 151 153 163 166 171 177 179 183 185 191 196 197 200 201 205 211 214 215 217 219 222 223 224 227 232 236 238 243 246 247 249 251 253 255 257 260 262 267 270 272 275 276 279 285 287 289 291 293 301 302 305 306 309 312 315 319 321 323 324 326 331 334 337 339 341 345 348
135 146 148 154 157 164 169 172 178 181 184 186 192 199 202 204 205 206 213 215 218 221 224 227 230 231 234 237 238 240 246 247 249 251 254 256 259 262 265 267 268 271 273 276 278 280 286 288 291 292 294 302 304 307 310 312 313 317 322 323 326 327 329 332 336 338 340 342 346 351
136 149 150 156 160 166 170 173 179 182 185 188 193 202 203 206 208 211 215 217 221 222 226 229 233 236 237 239 241 242 249 252 253 254 257 259 261 265 266 268 269 272 274 278 279 283 289 291 294 295 297 304 305 310 313 314 316 318 324 327 330 331 333 335 339 340 343 346 347 352
