30 4 5 7
0 4 4 7 10 13 13 18 20 24 25 27 30 34 36 36 37 37 42 42 45 49 52 56 56 58 61 61 65 68
2 5 10 15 16 20 25 25 30 33 33 33 33 36 36 39 39 44 47 51 51 52 56 57 58 58 61 62 67 72
2 9 10 20 22 27 31 35 35 40 43 46 49 49 49 51 51 51 54 57 58 58 63 63 63 67 68 70 74 76
2 9 12 23 23 28 31 35 37 41 43 49 53 57 61 63 67 69 72 72 77 82 84 85 86 87 87 87 87 88
5 13 14 24 24 29 35 39 44 47 50 52 56 59 61 63 67 69 75 79 83 85 88 89 92 97 101 101 104 108
5 17 20 25 27 31 38 39 48 51 51 55 57 63 63 63 68 72 76 79 88 88 90 93 95 99 101 104 106 113
10 20 23 25 30 31 39 39 52 56 58 61 64 65 65 70 70 73 76 82 90 93 94 98 98 103 103 108 108 117
15 25 25 25 34 38 44 44 53 59 61 63 65 65 69 72 72 73 78 86 90 96 96 98 99 104 107 111 111 120
15 26 28 31 38 38 48 50 58 62 66 66 70 70 73 75 79 79 83 86 90 101 103 106 111 113 116 116 117 123
15 26 31 31 42 44 52 54 58 67 68 70 72 77 79 84 87 88 92 96 100 101 108 108 111 114 117 122 126 126
18 27 35 35 43 44 53 55 63 70 71 76 77 78 82 86 89 91 95 96 101 101 112 117 119 124 127 129 133 138
22 29 38 41 45 45 53 60 64 73 76 80 83 86 91 95 99 99 103 104 107 109 116 119 120 126 127 134 135 139
22 34 39 44 48 50 55 60 66 78 81 86 88 88 91 98 104 104 106 106 109 111 116 121 122 129 134 134 138 141
25 38 41 48 48 55 60 64 68 79 83 89 93 94 99 103 105 108 108 108 110 111 118 124 129 131 134 136 143 145
30 40 43 49 49 55 60 66 68 83 87 89 93 94 102 107 107 110 115 118 118 122 122 127 134 138 139 140 148 151
34 42 48 52 54 55 64 66 70 88 88 93 96 96 102 111 114 114 118 120 122 125 127 127 136 139 139 140 150 156
38 47 51 57 60 61 66 68 72 88 90 96 98 99 105 115 119 124 129 133 137 142 142 146 149 154 159 162 163 163
39 50 51 57 60 62 66 71 74 93 97 98 102 102 110 115 119 127 131 135 140 146 146 146 151 155 161 165 167 168
40 55 60 63 67 72 75 80 84 95 97 103 107 110 112 119 123 128 136 138 145 151 156 157 161 162 167 172 177 181
43 58 62 63 68 77 80 85 89 97 101 106 110 114 119 119 126 131 140 144 148 155 158 162 165 165 169 175 178 186
43 58 62 64 70 81 83 88 93 99 103 106 113 115 119 120 126 134 141 144 153 160 164 168 171 174 177 182 187 187
44 58 65 69 70 84 88 90 95 103 106 106 114 117 121 121 131 135 143 147 153 163 166 172 175 178 182 184 189 189
49 60 67 69 74 88 89 90 100 105 111 112 117 122 126 129 132 135 148 148 153 163 166 172 175 181 185 187 193 194
52 61 72 73 75 93 95 96 100 107 113 113 119 122 127 130 132 137 149 152 157 165 171 172 175 182 190 192 193 195
55 62 77 79 80 93 96 98 105 107 114 119 123 127 132 132 137 141 149 157 160 168 174 178 178 185 190 192 195 200
58 65 81 83 86 95 98 103 110 115 119 124 127 129 133 134 142 142 152 162 164 173 175 178 183 186 194 194 196 200
58 68 82 86 87 100 100 107 113 115 122 124 131 133 134 136 147 149 154 163 165 177 180 183 185 186 196 197 201 203
63 69 86 88 91 102 106 110 116 116 127 129 132 135 137 142 150 151 154 163 167 182 183 187 191 191 200 203 203 203
65 70 89 91 96 106 106 115 116 121 127 129 134 138 140 146 151 155 160 167 168 187 187 189 196 197 204 204 204 205
65 71 90 95 101 108 108 115 121 121 127 132 136 142 142 150 156 156 162 167 172 188 191 194 197 200 204 204 208 212
